  0.714286E-04  0.822806E+07  0.822805E+07  0.108609E+08  0.108605E+08  0.000000E+00  0.822805E+07
  0.843829E-04  0.822785E+07  0.822785E+07  0.108175E+08  0.108169E+08  0.000000E+00  0.822785E+07
  0.996866E-04  0.822757E+07  0.822757E+07  0.107572E+08  0.107564E+08  0.000000E+00  0.822757E+07
  0.117766E-03  0.822718E+07  0.822717E+07  0.106735E+08  0.106724E+08  0.000000E+00  0.822718E+07
  0.139124E-03  0.822663E+07  0.822662E+07  0.105578E+08  0.105562E+08  0.000000E+00  0.822663E+07
  0.164355E-03  0.822586E+07  0.822586E+07  0.103982E+08  0.103961E+08  0.000000E+00  0.822586E+07
  0.194163E-03  0.822480E+07  0.822479E+07  0.101793E+08  0.101765E+08  0.000000E+00  0.822480E+07
  0.229376E-03  0.822332E+07  0.822331E+07  0.988110E+07  0.987727E+07  0.000000E+00  0.822332E+07
  0.270976E-03  0.822126E+07  0.822125E+07  0.947865E+07  0.947360E+07  0.000000E+00  0.822126E+07
  0.320121E-03  0.821842E+07  0.821841E+07  0.894288E+07  0.893637E+07  0.000000E+00  0.821842E+07
  0.378178E-03  0.821449E+07  0.821447E+07  0.824315E+07  0.823504E+07  0.000000E+00  0.821449E+07
  0.446764E-03  0.820909E+07  0.820906E+07  0.735380E+07  0.734421E+07  0.000000E+00  0.820908E+07
  0.527790E-03  0.820169E+07  0.820165E+07  0.626659E+07  0.625608E+07  0.000000E+00  0.820168E+07
  0.623510E-03  0.819163E+07  0.819158E+07  0.501025E+07  0.500010E+07  0.000000E+00  0.819162E+07
  0.736590E-03  0.817809E+07  0.817801E+07  0.367383E+07  0.366608E+07  0.000000E+00  0.817807E+07
  0.870178E-03  0.816004E+07  0.815994E+07  0.241910E+07  0.241595E+07  0.000000E+00  0.816003E+07
  0.102799E-02  0.813633E+07  0.813619E+07  0.145030E+07  0.145249E+07  0.000000E+00  0.813631E+07
  0.121443E-02  0.810563E+07  0.810543E+07  0.907624E+06  0.912341E+06  0.000000E+00  0.810559E+07
  0.143468E-02  0.806647E+07  0.806620E+07  0.718097E+06  0.719726E+06  0.000000E+00  0.806642E+07
  0.169488E-02  0.801721E+07  0.801684E+07  0.596492E+06  0.593514E+06  0.000000E+00  0.801715E+07
  0.200226E-02  0.795595E+07  0.795543E+07  0.379518E+06  0.378871E+06  0.000000E+00  0.795586E+07
  0.236539E-02  0.788051E+07  0.787978E+07  0.246842E+06  0.249045E+06  0.000000E+00  0.788038E+07
  0.279438E-02  0.778848E+07  0.778747E+07  0.204670E+06  0.202748E+06  0.000000E+00  0.778831E+07
  0.330117E-02  0.767732E+07  0.767592E+07  0.121708E+06  0.123274E+06  0.000000E+00  0.767708E+07
  0.389987E-02  0.754434E+07  0.754242E+07  0.987983E+05  0.969608E+05  0.000000E+00  0.754401E+07
  0.460715E-02  0.738680E+07  0.738416E+07  0.690121E+05  0.663261E+05  0.000000E+00  0.738635E+07
  0.480317E-02  0.734326E+07  0.734039E+07  0.669126E+05  0.624973E+05  0.000000E+00  0.734276E+07
  0.500753E-02  0.729796E+07  0.729486E+07  0.592229E+05  0.548157E+05  0.000000E+00  0.729743E+07
  0.522058E-02  0.725087E+07  0.724751E+07  0.494678E+05  0.471253E+05  0.000000E+00  0.725029E+07
  0.544270E-02  0.720194E+07  0.719831E+07  0.436815E+05  0.436147E+05  0.000000E+00  0.720132E+07
  0.567427E-02  0.715114E+07  0.714721E+07  0.419660E+05  0.425650E+05  0.000000E+00  0.715046E+07
  0.591570E-02  0.709841E+07  0.709417E+07  0.389259E+05  0.390627E+05  0.000000E+00  0.709768E+07
  0.616739E-02  0.704372E+07  0.703914E+07  0.332584E+05  0.333106E+05  0.000000E+00  0.704294E+07
  0.642980E-02  0.698703E+07  0.698208E+07  0.300223E+05  0.301073E+05  0.000000E+00  0.698618E+07
  0.670336E-02  0.692830E+07  0.692295E+07  0.300600E+05  0.294387E+05  0.000000E+00  0.692738E+07
  0.698857E-02  0.686748E+07  0.686170E+07  0.273417E+05  0.266357E+05  0.000000E+00  0.686649E+07
  0.728591E-02  0.680453E+07  0.679829E+07  0.220954E+05  0.226665E+05  0.000000E+00  0.680346E+07
  0.759591E-02  0.673942E+07  0.673268E+07  0.210701E+05  0.215510E+05  0.000000E+00  0.673826E+07
  0.791909E-02  0.667210E+07  0.666483E+07  0.214450E+05  0.203798E+05  0.000000E+00  0.667085E+07
  0.825602E-02  0.660253E+07  0.659469E+07  0.177037E+05  0.172462E+05  0.000000E+00  0.660119E+07
  0.860729E-02  0.653068E+07  0.652222E+07  0.161107E+05  0.161958E+05  0.000000E+00  0.652922E+07
  0.897350E-02  0.645649E+07  0.644739E+07  0.169845E+05  0.152375E+05  0.000000E+00  0.645493E+07
  0.935530E-02  0.637995E+07  0.637014E+07  0.139855E+05  0.129172E+05  0.000000E+00  0.637826E+07
  0.975334E-02  0.630100E+07  0.629044E+07  0.124487E+05  0.126970E+05  0.000000E+00  0.629919E+07
  0.101683E-01  0.621960E+07  0.620825E+07  0.112869E+05  0.112230E+05  0.000000E+00  0.621766E+07
  0.106009E-01  0.613574E+07  0.612353E+07  0.917343E+04  0.101525E+05  0.000000E+00  0.613364E+07
  0.110520E-01  0.604936E+07  0.603625E+07  0.996265E+04  0.958706E+04  0.000000E+00  0.604711E+07
  0.115222E-01  0.596043E+07  0.594636E+07  0.805198E+04  0.825139E+04  0.000000E+00  0.595802E+07
  0.120124E-01  0.586894E+07  0.585384E+07  0.757947E+04  0.795944E+04  0.000000E+00  0.586635E+07
  0.125235E-01  0.577484E+07  0.575866E+07  0.698353E+04  0.678185E+04  0.000000E+00  0.577206E+07
  0.130564E-01  0.567811E+07  0.566079E+07  0.682369E+04  0.650909E+04  0.000000E+00  0.567514E+07
  0.136119E-01  0.557874E+07  0.556022E+07  0.575364E+04  0.561172E+04  0.000000E+00  0.557557E+07
  0.141910E-01  0.547672E+07  0.545692E+07  0.536459E+04  0.522034E+04  0.000000E+00  0.547333E+07
  0.147948E-01  0.537205E+07  0.535092E+07  0.400603E+04  0.472234E+04  0.000000E+00  0.536842E+07
  0.154243E-01  0.526472E+07  0.524220E+07  0.437658E+04  0.410099E+04  0.000000E+00  0.526085E+07
  0.160805E-01  0.515476E+07  0.513078E+07  0.376715E+04  0.390788E+04  0.000000E+00  0.515064E+07
  0.167647E-01  0.504219E+07  0.501672E+07  0.329143E+04  0.340675E+04  0.000000E+00  0.503782E+07
  0.174780E-01  0.492708E+07  0.490005E+07  0.344862E+04  0.299042E+04  0.000000E+00  0.492244E+07
  0.182216E-01  0.480948E+07  0.478085E+07  0.277223E+04  0.280510E+04  0.000000E+00  0.480456E+07
  0.189969E-01  0.468948E+07  0.465922E+07  0.226276E+04  0.253986E+04  0.000000E+00  0.468429E+07
  0.198052E-01  0.456721E+07  0.453529E+07  0.219687E+04  0.220335E+04  0.000000E+00  0.456173E+07
  0.206478E-01  0.444281E+07  0.440922E+07  0.185847E+04  0.193024E+04  0.000000E+00  0.443705E+07
  0.215263E-01  0.431646E+07  0.428119E+07  0.205685E+04  0.173421E+04  0.000000E+00  0.431041E+07
  0.224422E-01  0.418838E+07  0.415146E+07  0.165777E+04  0.157139E+04  0.000000E+00  0.418204E+07
  0.233970E-01  0.405882E+07  0.402029E+07  0.137133E+04  0.141667E+04  0.000000E+00  0.405221E+07
  0.243925E-01  0.392810E+07  0.388801E+07  0.134655E+04  0.126643E+04  0.000000E+00  0.392122E+07
  0.254303E-01  0.379656E+07  0.375501E+07  0.113025E+04  0.112255E+04  0.000000E+00  0.378943E+07
  0.265123E-01  0.366460E+07  0.362170E+07  0.110433E+04  0.986148E+03  0.000000E+00  0.365724E+07
  0.276403E-01  0.353269E+07  0.348857E+07  0.892276E+03  0.860808E+03  0.000000E+00  0.352512E+07
  0.288163E-01  0.340131E+07  0.335616E+07  0.867999E+03  0.758375E+03  0.000000E+00  0.339356E+07
  0.300424E-01  0.327102E+07  0.322504E+07  0.716886E+03  0.689060E+03  0.000000E+00  0.326313E+07
  0.313206E-01  0.314240E+07  0.309585E+07  0.513349E+03  0.626373E+03  0.000000E+00  0.313442E+07
  0.326532E-01  0.301609E+07  0.296924E+07  0.553539E+03  0.532530E+03  0.000000E+00  0.300805E+07
  0.340425E-01  0.289273E+07  0.284588E+07  0.488979E+03  0.467876E+03  0.000000E+00  0.288469E+07
  0.354909E-01  0.277295E+07  0.272647E+07  0.370672E+03  0.428446E+03  0.000000E+00  0.276498E+07
  0.370009E-01  0.265741E+07  0.261164E+07  0.405398E+03  0.359241E+03  0.000000E+00  0.264956E+07
  0.385752E-01  0.254669E+07  0.250202E+07  0.326036E+03  0.332148E+03  0.000000E+00  0.253902E+07
  0.402164E-01  0.244131E+07  0.239814E+07  0.251436E+03  0.285286E+03  0.000000E+00  0.243390E+07
  0.419275E-01  0.234169E+07  0.230040E+07  0.242997E+03  0.247072E+03  0.000000E+00  0.233461E+07
  0.437114E-01  0.224813E+07  0.220908E+07  0.195179E+03  0.227232E+03  0.000000E+00  0.224143E+07
  0.455712E-01  0.216074E+07  0.212425E+07  0.204259E+03  0.203236E+03  0.000000E+00  0.215448E+07
  0.475101E-01  0.207942E+07  0.204577E+07  0.159716E+03  0.178579E+03  0.000000E+00  0.207365E+07
  0.495315E-01  0.200386E+07  0.197325E+07  0.163763E+03  0.157995E+03  0.000000E+00  0.199861E+07
  0.516389E-01  0.193350E+07  0.190603E+07  0.152148E+03  0.141328E+03  0.000000E+00  0.192879E+07
  0.538360E-01  0.186754E+07  0.184319E+07  0.112922E+03  0.125573E+03  0.000000E+00  0.186336E+07
  0.561266E-01  0.180495E+07  0.178360E+07  0.103838E+03  0.107560E+03  0.000000E+00  0.180129E+07
  0.585075E-01  0.174471E+07  0.172610E+07  0.701853E+02  0.955454E+02  0.000000E+00  0.174151E+07
  0.608885E-01  0.168770E+07  0.167136E+07  0.780635E+02  0.890742E+02  0.000000E+00  0.168489E+07
  0.632694E-01  0.163256E+07  0.161800E+07  0.602713E+02  0.765834E+02  0.000000E+00  0.163006E+07
  0.656504E-01  0.157830E+07  0.156499E+07  0.627477E+02  0.687696E+02  0.000000E+00  0.157601E+07
  0.680313E-01  0.152423E+07  0.151169E+07  0.706667E+02  0.644519E+02  0.000000E+00  0.152208E+07
  0.704123E-01  0.147004E+07  0.145781E+07  0.486851E+02  0.556254E+02  0.000000E+00  0.146794E+07
  0.727932E-01  0.141566E+07  0.140337E+07  0.566119E+02  0.501904E+02  0.000000E+00  0.141355E+07
  0.751742E-01  0.136131E+07  0.134866E+07  0.477464E+02  0.471143E+02  0.000000E+00  0.135914E+07
  0.775551E-01  0.130736E+07  0.129413E+07  0.412216E+02  0.406676E+02  0.000000E+00  0.130509E+07
  0.799361E-01  0.125432E+07  0.124039E+07  0.430611E+02  0.368383E+02  0.000000E+00  0.125193E+07
  0.823170E-01  0.120277E+07  0.118811E+07  0.263620E+02  0.346740E+02  0.000000E+00  0.120025E+07
  0.846980E-01  0.115328E+07  0.113794E+07  0.428574E+02  0.299578E+02  0.000000E+00  0.115065E+07
  0.870790E-01  0.110640E+07  0.109050E+07  0.281085E+02  0.273326E+02  0.000000E+00  0.110367E+07
  0.894599E-01  0.106259E+07  0.104630E+07  0.347121E+02  0.259030E+02  0.000000E+00  0.105979E+07
  0.918409E-01  0.102218E+07  0.100572E+07  0.304561E+02  0.224902E+02  0.000000E+00  0.101935E+07
  0.942218E-01  0.985382E+06  0.968976E+06  0.178191E+02  0.207677E+02  0.000000E+00  0.982567E+06
  0.966028E-01  0.952260E+06  0.936142E+06  0.206835E+02  0.198944E+02  0.000000E+00  0.949494E+06
  0.989837E-01  0.922732E+06  0.907120E+06  0.124911E+02  0.174308E+02  0.000000E+00  0.920053E+06
  0.101365E+00  0.896584E+06  0.881671E+06  0.164121E+02  0.163369E+02  0.000000E+00  0.894026E+06
  0.103746E+00  0.873491E+06  0.859429E+06  0.154320E+02  0.158286E+02  0.000000E+00  0.871078E+06
  0.106127E+00  0.853038E+06  0.839937E+06  0.112085E+02  0.140097E+02  0.000000E+00  0.850790E+06
  0.108508E+00  0.834751E+06  0.822670E+06  0.154912E+02  0.133052E+02  0.000000E+00  0.832678E+06
  0.110888E+00  0.818127E+06  0.807078E+06  0.806460E+01  0.129914E+02  0.000000E+00  0.816231E+06
  0.113269E+00  0.802665E+06  0.792611E+06  0.100498E+02  0.115815E+02  0.000000E+00  0.800940E+06
  0.115650E+00  0.787890E+06  0.778755E+06  0.982502E+01  0.110895E+02  0.000000E+00  0.786323E+06
  0.118031E+00  0.773383E+06  0.765054E+06  0.523593E+01  0.108513E+02  0.000000E+00  0.771953E+06
  0.120412E+00  0.758791E+06  0.751131E+06  0.107272E+02  0.969485E+01  0.000000E+00  0.757477E+06
  0.122793E+00  0.743849E+06  0.736707E+06  0.713980E+01  0.931102E+01  0.000000E+00  0.742623E+06
  0.125174E+00  0.728380E+06  0.721598E+06  0.117261E+02  0.909043E+01  0.000000E+00  0.727216E+06
  0.127555E+00  0.712300E+06  0.705724E+06  0.972500E+01  0.810493E+01  0.000000E+00  0.711172E+06
  0.129936E+00  0.695612E+06  0.689101E+06  0.743500E+01  0.778623E+01  0.000000E+00  0.694495E+06
  0.132317E+00  0.678396E+06  0.671828E+06  0.861026E+01  0.757271E+01  0.000000E+00  0.677269E+06
  0.134698E+00  0.660795E+06  0.654074E+06  0.461605E+01  0.672632E+01  0.000000E+00  0.659642E+06
  0.137079E+00  0.643002E+06  0.636060E+06  0.739648E+01  0.646688E+01  0.000000E+00  0.641810E+06
  0.139460E+00  0.625239E+06  0.618037E+06  0.744258E+01  0.627367E+01  0.000000E+00  0.624003E+06
  0.141841E+00  0.607743E+06  0.600272E+06  0.615558E+01  0.555778E+01  0.000000E+00  0.606461E+06
  0.144222E+00  0.590744E+06  0.583022E+06  0.763595E+01  0.536402E+01  0.000000E+00  0.589419E+06
  0.146603E+00  0.574454E+06  0.566522E+06  0.450107E+01  0.520687E+01  0.000000E+00  0.573093E+06
  0.148984E+00  0.559053E+06  0.550972E+06  0.569179E+01  0.461509E+01  0.000000E+00  0.557666E+06
  0.151365E+00  0.544678E+06  0.536522E+06  0.380667E+01  0.448856E+01  0.000000E+00  0.543279E+06
  0.153746E+00  0.531419E+06  0.523268E+06  0.304554E+01  0.437329E+01  0.000000E+00  0.530021E+06
  0.156127E+00  0.519314E+06  0.511252E+06  0.413977E+01  0.389168E+01  0.000000E+00  0.517931E+06
  0.158508E+00  0.508351E+06  0.500458E+06  0.248029E+01  0.382321E+01  0.000000E+00  0.506997E+06
  0.160888E+00  0.498471E+06  0.490819E+06  0.464292E+01  0.374345E+01  0.000000E+00  0.497158E+06
  0.163269E+00  0.489576E+06  0.482224E+06  0.372109E+01  0.335031E+01  0.000000E+00  0.488315E+06
  0.165650E+00  0.481535E+06  0.474527E+06  0.338840E+01  0.332282E+01  0.000000E+00  0.480332E+06
  0.168031E+00  0.474193E+06  0.467557E+06  0.289775E+01  0.326499E+01  0.000000E+00  0.473054E+06
  0.170412E+00  0.467385E+06  0.461132E+06  0.194847E+01  0.293633E+01  0.000000E+00  0.466312E+06
  0.172793E+00  0.460941E+06  0.455066E+06  0.269327E+01  0.293130E+01  0.000000E+00  0.459933E+06
  0.175174E+00  0.454702E+06  0.449182E+06  0.264728E+01  0.288160E+01  0.000000E+00  0.453755E+06
  0.177555E+00  0.448522E+06  0.443322E+06  0.298914E+01  0.259729E+01  0.000000E+00  0.447630E+06
  0.179936E+00  0.442277E+06  0.437354E+06  0.328635E+01  0.260076E+01  0.000000E+00  0.441432E+06
  0.182317E+00  0.435872E+06  0.431174E+06  0.241643E+01  0.255010E+01  0.000000E+00  0.435066E+06
  0.184698E+00  0.429241E+06  0.424715E+06  0.266894E+01  0.229728E+01  0.000000E+00  0.428465E+06
  0.187079E+00  0.422352E+06  0.417940E+06  0.209618E+01  0.230241E+01  0.000000E+00  0.421595E+06
  0.189460E+00  0.415199E+06  0.410851E+06  0.187600E+01  0.224804E+01  0.000000E+00  0.414453E+06
  0.191841E+00  0.407808E+06  0.403477E+06  0.181142E+01  0.202101E+01  0.000000E+00  0.407065E+06
  0.194222E+00  0.400226E+06  0.395873E+06  0.177099E+01  0.202713E+01  0.000000E+00  0.399479E+06
  0.196603E+00  0.392520E+06  0.388116E+06  0.215382E+01  0.197105E+01  0.000000E+00  0.391764E+06
  0.198984E+00  0.384768E+06  0.380293E+06  0.206980E+01  0.176877E+01  0.000000E+00  0.384001E+06
  0.201365E+00  0.377058E+06  0.372503E+06  0.200055E+01  0.177844E+01  0.000000E+00  0.376276E+06
  0.203746E+00  0.369475E+06  0.364840E+06  0.155178E+01  0.172445E+01  0.000000E+00  0.368680E+06
  0.206127E+00  0.362101E+06  0.357398E+06  0.120967E+01  0.154728E+01  0.000000E+00  0.361294E+06
  0.210208E+00  0.350152E+06  0.345372E+06  0.170291E+01  0.143670E+01  0.000000E+00  0.349332E+06
  0.214371E+00  0.339090E+06  0.334312E+06  0.132524E+01  0.133974E+01  0.000000E+00  0.338270E+06
  0.218615E+00  0.329110E+06  0.324425E+06  0.121640E+01  0.129019E+01  0.000000E+00  0.328306E+06
  0.222944E+00  0.320243E+06  0.315739E+06  0.107178E+01  0.126418E+01  0.000000E+00  0.319470E+06
  0.227359E+00  0.312356E+06  0.308102E+06  0.115112E+01  0.112434E+01  0.000000E+00  0.311626E+06
  0.231861E+00  0.305176E+06  0.301207E+06  0.785695E+00  0.106216E+01  0.000000E+00  0.304495E+06
  0.236452E+00  0.298349E+06  0.294662E+06  0.656888E+00  0.101413E+01  0.000000E+00  0.297716E+06
  0.241134E+00  0.291511E+06  0.288068E+06  0.786235E+00  0.962261E+00  0.000000E+00  0.290920E+06
  0.245909E+00  0.284370E+06  0.281106E+06  0.867646E+00  0.850339E+00  0.000000E+00  0.283810E+06
  0.250778E+00  0.276764E+06  0.273603E+06  0.910774E+00  0.825318E+00  0.000000E+00  0.276221E+06
  0.255744E+00  0.268695E+06  0.265569E+06  0.844469E+00  0.795967E+00  0.000000E+00  0.268159E+06
  0.260808E+00  0.260324E+06  0.257185E+06  0.512458E+00  0.746385E+00  0.000000E+00  0.259786E+06
  0.265972E+00  0.251921E+06  0.248755E+06  0.744613E+00  0.685008E+00  0.000000E+00  0.251378E+06
  0.271239E+00  0.243792E+06  0.240615E+06  0.650227E+00  0.609802E+00  0.000000E+00  0.243247E+06
  0.276610E+00  0.236196E+06  0.233048E+06  0.519875E+00  0.563243E+00  0.000000E+00  0.235656E+06
  0.282087E+00  0.229273E+06  0.226207E+06  0.598424E+00  0.568719E+00  0.000000E+00  0.228747E+06
  0.287673E+00  0.223012E+06  0.220073E+06  0.486025E+00  0.486190E+00  0.000000E+00  0.222507E+06
  0.293369E+00  0.217258E+06  0.214474E+06  0.480715E+00  0.497485E+00  0.000000E+00  0.216780E+06
  0.299178E+00  0.211771E+06  0.209142E+06  0.374793E+00  0.447886E+00  0.000000E+00  0.211320E+06
  0.305102E+00  0.206302E+06  0.203803E+06  0.327153E+00  0.401138E+00  0.000000E+00  0.205873E+06
  0.311144E+00  0.200673E+06  0.198267E+06  0.337763E+00  0.373457E+00  0.000000E+00  0.200260E+06
  0.317305E+00  0.194835E+06  0.192481E+06  0.353642E+00  0.348966E+00  0.000000E+00  0.194431E+06
  0.323588E+00  0.188869E+06  0.186541E+06  0.342738E+00  0.336204E+00  0.000000E+00  0.188469E+06
  0.329995E+00  0.182948E+06  0.180639E+06  0.390859E+00  0.333139E+00  0.000000E+00  0.182552E+06
  0.336530E+00  0.177263E+06  0.174986E+06  0.239695E+00  0.284074E+00  0.000000E+00  0.176872E+06
  0.343193E+00  0.171946E+06  0.169724E+06  0.268059E+00  0.288759E+00  0.000000E+00  0.171565E+06
  0.349989E+00  0.167021E+06  0.164878E+06  0.255236E+00  0.247357E+00  0.000000E+00  0.166653E+06
  0.356919E+00  0.162405E+06  0.160353E+06  0.277569E+00  0.230941E+00  0.000000E+00  0.162053E+06
  0.363987E+00  0.157950E+06  0.155988E+06  0.198502E+00  0.219438E+00  0.000000E+00  0.157614E+06
  0.371194E+00  0.153519E+06  0.151631E+06  0.189635E+00  0.201506E+00  0.000000E+00  0.153195E+06
  0.378544E+00  0.149040E+06  0.147205E+06  0.181082E+00  0.188996E+00  0.000000E+00  0.148725E+06
  0.386040E+00  0.144534E+06  0.142738E+06  0.186108E+00  0.193091E+00  0.000000E+00  0.144226E+06
  0.393684E+00  0.140092E+06  0.138330E+06  0.148549E+00  0.161755E+00  0.000000E+00  0.139790E+06
  0.401480E+00  0.135818E+06  0.134096E+06  0.175367E+00  0.165768E+00  0.000000E+00  0.135523E+06
  0.409430E+00  0.131771E+06  0.130099E+06  0.172738E+00  0.155835E+00  0.000000E+00  0.131484E+06
  0.417537E+00  0.127939E+06  0.126326E+06  0.141525E+00  0.144164E+00  0.000000E+00  0.127662E+06
  0.466605E+00  0.107802E+06  0.106444E+06  0.921575E-01  0.992193E-01  0.000000E+00  0.107569E+06
  0.521440E+00  0.906871E+05  0.895506E+05  0.634153E-01  0.644224E-01  0.000000E+00  0.904921E+05
  0.582720E+00  0.761251E+05  0.751720E+05  0.424293E-01  0.449237E-01  0.000000E+00  0.759616E+05
  0.651200E+00  0.637925E+05  0.629939E+05  0.284358E-01  0.299549E-01  0.000000E+00  0.636555E+05
  0.727729E+00  0.533778E+05  0.527098E+05  0.189210E-01  0.194978E-01  0.000000E+00  0.532631E+05
  0.813251E+00  0.445981E+05  0.440402E+05  0.126546E-01  0.135624E-01  0.000000E+00  0.445024E+05
  0.908823E+00  0.372102E+05  0.367447E+05  0.843637E-02  0.890328E-02  0.000000E+00  0.371303E+05
  0.101563E+01  0.310058E+05  0.306180E+05  0.562851E-02  0.522011E-02  0.000000E+00  0.309393E+05
  0.113498E+01  0.258033E+05  0.254806E+05  0.375008E-02  0.366485E-02  0.000000E+00  0.257479E+05
  0.126836E+01  0.214483E+05  0.211801E+05  0.249609E-02  0.221078E-02  0.000000E+00  0.214023E+05
  0.141742E+01  0.178082E+05  0.175856E+05  0.165948E-02  0.171804E-02  0.000000E+00  0.177700E+05
  0.158400E+01  0.147700E+05  0.145854E+05  0.110210E-02  0.109155E-02  0.000000E+00  0.147383E+05
  0.177015E+01  0.122376E+05  0.120846E+05  0.731186E-03  0.779160E-03  0.000000E+00  0.122114E+05
  0.197817E+01  0.101296E+05  0.100029E+05  0.484633E-03  0.540845E-03  0.000000E+00  0.101078E+05
  0.221064E+01  0.837684E+04  0.827213E+04  0.320918E-03  0.363434E-03  0.000000E+00  0.835888E+04
  0.247044E+01  0.692129E+04  0.683477E+04  0.212321E-03  0.231305E-03  0.000000E+00  0.690645E+04
  0.276076E+01  0.571382E+04  0.564239E+04  0.140353E-03  0.124448E-03  0.000000E+00  0.570156E+04
  0.308520E+01  0.471320E+04  0.465428E+04  0.927053E-04  0.107143E-03  0.000000E+00  0.470309E+04
  0.344777E+01  0.388482E+04  0.383624E+04  0.611858E-04  0.520080E-04  0.000000E+00  0.387649E+04
  0.385295E+01  0.319968E+04  0.315967E+04  0.403533E-04  0.405034E-04  0.000000E+00  0.319282E+04
  0.430575E+01  0.263352E+04  0.260057E+04  0.265950E-04  0.179083E-04  0.000000E+00  0.262787E+04
  0.481176E+01  0.216608E+04  0.213897E+04  0.175158E-04  0.182476E-04  0.000000E+00  0.216143E+04
  0.537723E+01  0.178045E+04  0.175817E+04  0.115286E-04  0.698350E-05  0.000000E+00  0.177663E+04
  0.600915E+01  0.146258E+04  0.144426E+04  0.758328E-05  0.399117E-05  0.000000E+00  0.145943E+04
  0.671535E+01  0.120074E+04  0.118569E+04  0.498516E-05  0.314941E-05  0.000000E+00  0.119816E+04
  0.750453E+01  0.985220E+03  0.972859E+03  0.327532E-05  0.152039E-05  0.000000E+00  0.983099E+03
  0.838645E+01  0.807940E+03  0.797792E+03  0.215076E-05  0.199034E-05  0.000000E+00  0.806199E+03
  0.937202E+01  0.662212E+03  0.653882E+03  0.141156E-05  0.832091E-06  0.000000E+00  0.660782E+03
  0.104734E+02  0.542494E+03  0.535657E+03  0.925951E-06  0.864559E-06  0.000000E+00  0.541321E+03
  0.117042E+02  0.444202E+03  0.438592E+03  0.607106E-06  0.359146E-06  0.000000E+00  0.443240E+03
  0.130797E+02  0.363549E+03  0.358944E+03  0.397866E-06  0.474347E-06  0.000000E+00  0.362759E+03
  0.146168E+02  0.297405E+03  0.293624E+03  0.260623E-06  0.318434E-06  0.000000E+00  0.296756E+03
  0.163346E+02  0.243188E+03  0.240083E+03  0.170646E-06  0.609592E-07  0.000000E+00  0.242655E+03
  0.182542E+02  0.198771E+03  0.196219E+03  0.111685E-06 -0.832140E-08  0.000000E+00  0.198333E+03
  0.203994E+02  0.162399E+03  0.160300E+03  0.730659E-07  0.778188E-07  0.000000E+00  0.162039E+03
  0.227967E+02  0.132630E+03  0.130901E+03  0.477815E-07  0.651969E-07  0.000000E+00  0.132333E+03
  0.254758E+02  0.108275E+03  0.106849E+03  0.312344E-07 -0.443364E-08  0.000000E+00  0.108031E+03
  0.284697E+02  0.883593E+02  0.871797E+02  0.204099E-07 -0.974689E-08  0.000000E+00  0.881569E+02
  0.318154E+02  0.720794E+02  0.711016E+02  0.133316E-07  0.172220E-07  0.000000E+00  0.719116E+02
  0.355543E+02  0.587772E+02  0.579641E+02  0.870487E-08  0.110543E-07  0.000000E+00  0.586377E+02
  0.397326E+02  0.479123E+02  0.472334E+02  0.568171E-08  0.382040E-09  0.000000E+00  0.477958E+02
  0.444020E+02  0.390413E+02  0.384718E+02  0.370709E-08  0.223858E-09  0.000000E+00  0.389436E+02
  0.496201E+02  0.318010E+02  0.313205E+02  0.241781E-08 -0.917544E-09  0.000000E+00  0.317186E+02
  0.554514E+02  0.258936E+02  0.254855E+02  0.157631E-08  0.215048E-09  0.000000E+00  0.258236E+02
  0.619680E+02  0.210754E+02  0.207260E+02  0.102727E-08 -0.708924E-09  0.000000E+00  0.210154E+02
  0.692504E+02  0.171467E+02  0.168451E+02  0.669183E-09 -0.367186E-09  0.000000E+00  0.170949E+02
  0.773886E+02  0.139443E+02  0.136816E+02  0.435721E-09  0.733442E-10  0.000000E+00  0.138993E+02
  0.864833E+02  0.113348E+02  0.111035E+02  0.283570E-09 -0.196891E-09  0.000000E+00  0.112951E+02
  0.966467E+02  0.920901E+01  0.900319E+01  0.184451E-09 -0.161047E-09  0.000000E+00  0.917370E+01
  0.108005E+03  0.747774E+01  0.729259E+01  0.119906E-09 -0.350770E-10  0.000000E+00  0.744597E+01
