0.01 1.00408268133 1.0041261116
0.51 1.28830374515 1.32201475355
1.01 1.70972763577 1.77950973665
1.51 2.23636843403 2.34146432172
2.01 2.84555786276 2.98755919196
2.51 3.52332168946 3.70451384493
3.01 4.26078617789 4.48360661516
3.51 5.05193073071 5.3188022839
4.01 5.89239226083 6.20567080817
4.51 6.7788407201 7.14080121794
5.01 7.70861772765 8.12145313653
5.51 8.67953624224 9.14536159163
6.01 9.68974914252 10.2106069549
6.51 10.7376612961 11.3155270207
7.01 11.8218799268 12.4586675074
7.51 12.9411699164 13.6387366788
8.01 14.0944237693 14.854574793
8.51 15.2806374368 16.1051293491
9.01 16.4989028253 17.3894476832
9.51 17.7483852356 18.706653528
10.01 19.028315815 20.0559392975
10.51 20.337982169 21.4365563635
11.01 21.67672236 22.8478088556
11.51 23.0439207908 24.2890494163
12.01 24.4390001153 25.7596707438
12.51 25.8614183591 27.2591026106
13.01 27.3106653681 28.7868081613
13.51 28.7862604473 30.3422814548
14.01 30.2877483259 31.9250432377
14.51 31.8146969011 33.5346385844
15.01 33.3666964468 35.1706360797
15.51 34.9433572079 36.8326252955
16.01 36.5443078114 38.5202151263
16.51 38.1691938525 40.2330323072
17.01 39.8176779171 41.9707214442
17.51 41.4894425448 43.732948144
18.01 43.1841697158 45.5193773952
18.51 44.9015614739 47.3296953109
19.01 46.6413316528 49.1636004115
19.51 48.4032051166 51.020802826
20.01 50.1869170676 52.9010235651
20.51 51.9922124138 54.8039938567
21.01 53.81884519 56.7294545368
21.51 55.6665780263 58.6771554912
22.01 57.5352023361 60.6468769368
22.51 59.4244803847 62.6383683576
23.01 61.334194367 64.6514002374
23.51 63.2641367719 66.6857539048
24.01 65.2141065868 68.7412175327
24.51 67.1839089667 70.8175857899
25.01 69.1733549264 72.9146595171
25.51 71.1822610536 75.0322454258
26.01 73.2104492418 77.1701558162
26.51 75.2577464406 79.3282083149
27.01 77.3239844223 81.5062256291
27.51 79.4090076247 83.7040438135
28.01 81.5126921635 85.9215323123
28.51 83.634841512 88.1584839953
29.01 85.775304681 90.4147397314
29.51 87.9339345378 92.6901444521
30.01 90.1105876452 94.9845469833
30.51 92.3051241112 97.2977998858
31.01 94.5174074462 99.6297593057
31.51 96.7473044287 101.980284833
32.01 98.9946849777 104.349239366
32.51 101.259422033 106.736488986
33.01 103.54139144 109.141902839
33.51 105.840471844 111.565353017
34.01 108.156544584 114.006714453
34.51 110.489493599 116.465864821
35.01 112.839246868 118.942728213
35.51 115.205707163 121.437202154
36.01 117.588713105 123.949116543
36.51 119.988158149 126.478359083
37.01 122.403937931 129.024819773
37.51 124.835950193 131.588390829
38.01 127.284094712 134.168966617
38.51 129.74827324 136.76644358
39.01 132.228389434 139.38072017
39.51 134.724348801 142.011696791
40.01 137.236058637 144.65927573
40.51 139.763427976 147.323361104
41.01 142.306367533 150.003858804
41.51 144.864789654 152.700676443
42.01 147.438608271 155.413723298
42.51 150.027738852 158.142910272
43.01 152.632098357 160.888149836
43.51 155.251605198 163.649355993
44.01 157.886179194 166.426444229
44.51 160.535890118 169.219488095
45.01 163.200531662 172.028270127
45.51 165.880011891 174.852693419
46.01 168.574255886 177.692679004
46.51 171.283189957 180.548149209
47.01 174.006741604 183.419027614
47.51 176.74483949 186.305239027
48.01 179.49741341 189.206709449
48.51 182.264394263 192.123366041
49.01 185.04571402 195.055137099
49.51 187.841305702 198.001952022
50.01 190.651103349 200.963741285
50.51 193.475041998 203.940436413
51.01 196.313057659 206.931969956
51.51 199.165087289 209.938275462
52.01 202.031068768 212.959287455
52.51 204.910940884 215.994941413
53.01 207.804643305 219.045173739
53.51 210.712116558 222.109921749
54.01 213.633302015 225.189123644
54.51 216.568141869 228.28271849
55.01 219.516579116 231.390646202
55.51 222.478557538 234.512847523
56.01 225.454171568 237.649421994
56.51 228.443334019 240.800277715
57.01 231.445878755 243.965239562
57.51 234.461752539 247.144251422
58.01 237.49090284 250.337257921
58.51 240.533277811 253.544204412
59.01 243.588826283 256.765036956
59.51 246.657497742 259.999702309
60.01 249.739242323 263.248147909
60.51 252.83401079 266.510321859
61.01 255.941754529 269.786172914
61.51 259.062425531 273.075650471
62.01 262.195976381 276.378704551
62.51 265.342360248 279.69528579
63.01 268.501530872 283.025345425
63.51 271.67344255 286.368835284
64.01 274.858050131 289.725707773
64.51 278.055309 293.095915865
65.01 281.26517507 296.479413088
65.51 284.487604772 299.876153518
66.01 287.722555044 303.286091764
66.51 290.969983325 306.709182962
67.01 294.229847538 310.145382763
67.51 297.502106091 313.594647322
68.01 300.78671786 317.056933293
68.51 304.083642184 320.532197815
69.01 307.392838857 324.020398508
69.51 310.714268116 327.52149346
70.01 314.04789064 331.035441222
70.51 317.393744261 334.562281673
71.01 320.752035813 338.102232836
71.51 324.122411607 341.654921892
72.01 327.50483401 345.22030917
72.51 330.899265788 348.798355424
73.01 334.305670101 352.38902182
73.51 337.724010495 355.992269935
74.01 341.154250899 359.608061746
74.51 344.596355616 363.236359625
75.01 348.050289314 366.87712633
75.51 351.516017026 370.530325002
76.01 354.99350414 374.195919158
76.51 358.482716394 377.873872681
77.01 361.98361987 381.564149821
77.51 365.496180988 385.266715182
78.01 369.020366504 388.98153372
78.51 372.556143499 392.708570737
79.01 376.103479379 396.447791876
79.51 379.662341866 400.199163113
80.01 383.232698997 403.962650756
80.51 386.814519113 407.738221436
81.01 390.407770863 411.525842102
81.51 394.012423191 415.325480022
82.01 397.628445334 419.137102769
82.51 401.255806823 422.960678224
83.01 404.894477469 426.796174567
83.51 408.544427366 430.643560275
84.01 412.205626885 434.502804114
84.51 415.878046668 438.37387514
85.01 419.561657627 442.256742692
85.51 423.256430936 446.151376384
86.01 426.962338033 450.057746109
86.51 430.679350609 453.975822028
87.01 434.407440611 457.90557457
87.51 438.146580234 461.846974427
88.01 441.89674192 465.799992548
88.51 445.657898351 469.764600141
89.01 449.430141405 473.740894052
89.51 453.213769106 477.729188426
90.01 457.008318408 481.72899517
90.51 460.813762944 485.740286492
91.01 464.630076575 489.763034837
91.51 468.457233384 493.797212889
92.01 472.295207674 497.842793559
92.51 476.143973965 501.89974999
93.01 480.003506991 505.968055548
93.51 483.873781697 510.047683824
94.01 487.754773234 514.138608625
94.51 491.646456962 518.240803978
95.01 495.54880844 522.354244121
95.51 499.461803431 526.478903504
96.01 503.385417891 530.614756785
96.51 507.319627975 534.761778827
97.01 511.264410027 538.919944696
97.51 515.219740583 543.089229658
98.01 519.185596364 547.269609175
98.51 523.161954279 551.461058908
99.01 527.148791417 555.663554706
99.51 531.146085048 559.87707261
100.01 535.153812622 564.101588849
100.51 539.171951761 568.337079836
101.01 543.200480264 572.583522169
101.51 547.2393761 576.840892626
102.01 551.288617407 581.109168161
102.51 555.348182492 585.388325908
103.01 559.418049825 589.678343173
103.51 563.49819804 593.979197435
104.01 567.588605933 598.290866342
104.51 571.689252459 602.61332771
105.01 575.80011673 606.946559523
105.51 579.921178013 611.290539926
106.01 584.05241573 615.645247227
106.51 588.193809454 620.010659895
107.01 592.345338907 624.386756555
107.51 596.506983962 628.773515991
108.01 600.678724636 633.17091714
108.51 604.860541092 637.578939092
109.01 609.052413635 641.997561087
109.51 613.254322715 646.426762515
110.01 617.466248917 650.866522914
110.51 621.688172969 655.316821967
111.01 625.920075731 659.777639501
111.51 630.161938202 664.248955486
112.01 634.413741514 668.730750033
112.51 638.675953763 673.223516561
113.01 642.94833089 677.726997806
113.51 647.230601052 682.240907222
114.01 651.522745916 686.765225485
114.51 655.824747275 691.299933403
115.01 660.136587048 695.845011916
115.51 664.458247276 700.400442093
116.01 668.789710123 704.966205135
116.51 673.130957874 709.542282369
117.01 677.481972934 714.128655246
117.51 681.842737825 718.725305345
118.01 686.213235187 723.332214366
118.51 690.593447778 727.949364134
119.01 694.983358467 732.576736592
119.51 699.382950238 737.214313804
120.01 703.792206187 741.862077951
120.51 708.211109523 746.520011333
121.01 712.639643562 751.188096364
121.51 717.077791729 755.866315575
122.01 721.52553756 760.554651607
122.51 725.982864693 765.253087217
123.01 730.449756874 769.96160527
123.51 734.926197953 774.680188743
124.01 739.412171884 779.40882072
124.51 743.907662722 784.147484396
125.01 748.412654622 788.896163069
125.51 752.927131843 793.654840144
126.01 757.45107874 798.423499133
126.51 761.984479767 803.202123647
127.01 766.527319475 807.990697402
127.51 771.079582513 812.789204216
128.01 775.641253623 817.597628006
128.51 780.212317642 822.41595279
129.01 784.7927595 827.244162682
129.51 789.382564222 832.082241897
130.01 793.981716922 836.930174743
130.51 798.590202806 841.787945627
131.01 803.208007168 846.655539047
131.51 807.835115394 851.532939598
132.01 812.471512955 856.420131967
132.51 817.117185413 861.317100933
133.01 821.772118412 866.223831365
133.51 826.436297686 871.140308223
134.01 831.10970905 876.066516558
134.51 835.792338406 881.002441507
135.01 840.484171738 885.948068296
135.51 845.185195113 890.903382239
136.01 849.895394678 895.868368735
136.51 854.614756663 900.843013267
137.01 859.343267378 905.827301404
137.51 864.080913211 910.821218801
138.01 868.82768063 915.824751191
138.51 873.583556181 920.837884394
139.01 878.348526486 925.860604308
139.51 883.122578246 930.892896913
140.01 887.905698236 935.934748271
140.51 892.697873307 940.986144519
141.01 897.499090383 946.047071877
141.51 902.309377836 951.11756025
142.01 907.129559376 956.198477905
142.51 911.958752269 961.288894358
143.01 916.796943746 966.38879615
143.51 921.64412111 971.498169897
144.01 926.500271735 976.61700229
144.51 931.365383063 981.745280092
145.01 936.239442609 986.882990142
145.51 941.122437954 992.030119349
146.01 946.014356747 997.186654696
146.51 950.915186707 1002.35258324
147.01 955.824915617 1007.52789209
147.51 960.74353133 1012.71256846
148.01 965.671021763 1017.9065996
148.51 970.607374897 1023.10997285
149.01 975.55257878 1028.3226756
149.51 980.506621524 1033.54469533
150.01 985.469491302 1038.77601957
150.51 990.441176355 1044.01663593
151.01 995.421664982 1049.26653206
151.51 1000.41094555 1054.52569571
152.01 1005.40900647 1059.79411467
152.51 1010.41583625 1065.07177681
153.01 1015.43142342 1070.35867005
153.51 1020.45575659 1075.65478239
154.01 1025.48882442 1080.96010187
154.51 1030.53061565 1086.27461661
155.01 1035.58111905 1091.59831478
155.51 1040.64032347 1096.93118464
156.01 1045.7082178 1102.27321446
156.51 1050.78479101 1107.62439262
157.01 1055.8700321 1112.98470753
157.51 1060.96393014 1118.35414767
158.01 1066.06647427 1123.73270158
158.51 1071.17765365 1129.12035785
159.01 1076.29745753 1134.51710514
159.51 1081.4258752 1139.92293215
160.01 1086.56289599 1145.33782766
160.51 1091.70850932 1150.76178049
161.01 1096.86270462 1156.19477951
161.51 1102.0254714 1161.63681367
162.01 1107.19679922 1167.08787195
162.51 1112.37667769 1172.5479434
163.01 1117.56509647 1178.01701713
163.51 1122.76204525 1183.49508228
164.01 1127.96751382 1188.98212806
164.51 1133.18149197 1194.47814374
165.01 1138.40396958 1199.98311862
165.51 1143.63493655 1205.49704208
166.01 1148.87438284 1211.01990352
166.51 1154.12229846 1216.55169243
167.01 1159.37867347 1222.09239831
167.51 1164.64349798 1227.64201074
168.01 1169.91676214 1233.20051935
168.51 1175.19845614 1238.76791379
169.01 1180.48857025 1244.3441838
169.51 1185.78709474 1249.92931913
170.01 1191.09401997 1255.52330962
170.51 1196.40933633 1261.12614512
171.01 1201.73303423 1266.73781556
171.51 1207.06510417 1272.35831089
172.01 1212.40553665 1277.98762112
172.51 1217.75432227 1283.62573632
173.01 1223.11145161 1289.27264659
173.51 1228.47691534 1294.92834206
174.01 1233.85070416 1300.59281296
174.51 1239.23280881 1306.2660495
175.01 1244.62322008 1311.94804199
175.51 1250.02192879 1317.63878075
176.01 1255.42892581 1323.33825616
176.51 1260.84420207 1329.04645864
177.01 1266.2677485 1334.76337866
177.51 1271.69955612 1340.48900673
178.01 1277.13961595 1346.22333339
178.51 1282.58819023 1351.96663508
179.01 1288.04578362 1357.71944374
179.51 1293.51161026 1363.48093099
180.01 1298.98566135 1369.25108759
180.51 1304.46792814 1375.02990429
181.01 1309.95840193 1380.81737193
181.51 1315.45707404 1386.61348136
182.01 1320.96393585 1392.41822348
182.51 1326.47897875 1398.23158924
183.01 1332.00219421 1404.05356963
183.51 1337.5335737 1409.88415565
184.01 1343.07310874 1415.72333839
184.51 1348.6207909 1421.57110894
185.01 1354.17661176 1427.42745844
185.51 1359.74056297 1433.29237807
186.01 1365.3126362 1439.16585906
186.51 1370.89282314 1445.04789266
187.01 1376.48111555 1450.93847017
187.51 1382.07750521 1456.83758293
188.01 1387.68198392 1462.7452223
188.51 1393.29454355 1468.6613797
189.01 1398.91517597 1474.58604657
189.51 1404.54387311 1480.5192144
190.01 1410.18062693 1486.46087472
190.51 1415.82542941 1492.41101907
191.01 1421.47827258 1498.36963905
191.51 1427.1391485 1504.33672629
192.01 1432.80804926 1510.31227246
192.51 1438.48496699 1516.29626925
193.01 1444.16989386 1522.28870841
193.51 1449.86282204 1528.28958171
194.01 1455.56374378 1534.29888095
194.51 1461.27265133 1540.31659796
195.01 1466.98953698 1546.34272464
195.51 1472.71439305 1552.37725288
196.01 1478.44721191 1558.42017464
196.51 1484.18798594 1564.47148188
197.01 1489.93670757 1570.53116662
197.51 1495.69336923 1576.5992209
198.01 1501.45796343 1582.67563679
198.51 1507.23048267 1588.76040642
199.01 1513.0109195 1594.85352192
199.51 1518.79926649 1600.95497546
200.01 1524.59551626 1607.06475925
200.51 1530.39966143 1613.18286554
201.01 1536.21169468 1619.30928659
201.51 1542.0316087 1625.4440147
202.01 1547.85939622 1631.58704221
202.51 1553.69505001 1637.73836148
203.01 1559.53856283 1643.89796491
203.51 1565.38992751 1650.06584493
204.01 1571.2491369 1656.24199398
204.51 1577.11618387 1662.42640458
205.01 1582.99106131 1668.61906922
205.51 1588.87376216 1674.81998045
206.01 1594.76427938 1681.02913087
206.51 1600.66260596 1687.24651306
207.01 1606.56873491 1693.47211968
207.51 1612.48265927 1699.70594338
208.01 1618.40437212 1705.94797687
208.51 1624.33386654 1712.19821287
209.01 1630.27113568 1718.45664412
209.51 1636.21617267 1724.72326342
210.01 1642.16897071 1730.99806357
210.51 1648.12952299 1737.28103741
211.01 1654.09782275 1743.57217781
211.51 1660.07386324 1749.87147767
212.01 1666.05763776 1756.1789299
212.51 1672.04913962 1762.49452746
213.01 1678.04836215 1768.81826332
213.51 1684.05529871 1775.15013049
214.01 1690.0699427 1781.490122
214.51 1696.09228753 1787.8382309
215.01 1702.12232665 1794.1944503
215.51 1708.16005351 1800.55877329
216.01 1714.2054616 1806.93119301
216.51 1720.25854446 1813.31170263
217.01 1726.3192956 1819.70029535
217.51 1732.3877086 1826.09696437
218.01 1738.46377706 1832.50170295
218.51 1744.54749457 1838.91450434
219.01 1750.63885478 1845.33536184
219.51 1756.73785136 1851.76426878
220.01 1762.84447799 1858.2012185
220.51 1768.95872837 1864.64620436
221.01 1775.08059625 1871.09921977
221.51 1781.21007538 1877.56025813
222.01 1787.34715953 1884.0293129
222.51 1793.49184252 1890.50637755
223.01 1799.64411817 1896.99144556
223.51 1805.80398033 1903.48451045
224.01 1811.97142288 1909.98556577
224.51 1818.1464397 1916.49460508
225.01 1824.3294267 1923.01204569
225.51 1830.52067848 1929.53819815
226.01 1836.71949296 1936.07232239
226.51 1842.92586414 1942.61441209
227.01 1849.13978603 1949.16446094
227.51 1855.36125267 1955.72246266
228.01 1861.59025813 1962.28841099
228.51 1867.82679648 1968.86229968
229.01 1874.07086184 1975.44412253
229.51 1880.32244832 1982.03387334
230.01 1886.58155007 1988.63154594
230.51 1892.84816125 1995.23713419
231.01 1899.12227607 2001.85063195
231.51 1905.40388873 2008.47203314
232.01 1911.69299346 2015.10133165
232.51 1917.98958451 2021.73852144
233.01 1924.29365615 2028.38359647
233.51 1930.60520268 2035.03655073
234.01 1936.92421841 2041.69737821
234.51 1943.25069768 2048.36607294
235.01 1949.58463483 2055.04262898
235.51 1955.92602425 2061.7270404
236.01 1962.27486032 2068.41930128
236.51 1968.63113746 2075.11940573
237.01 1974.9948501 2081.82734789
237.51 1981.3659927 2088.54312192
238.01 1987.74455973 2095.26672197
238.51 1994.13054568 2101.99814226
239.01 2000.52394507 2108.73737699
239.51 2006.92475241 2115.4844204
240.01 2013.33296227 2122.23926675
240.51 2019.74856922 2129.0019103
241.01 2026.17156783 2135.77234536
241.51 2032.60195272 2142.55056624
242.01 2039.03971851 2149.33656727
242.51 2045.48485985 2156.13034281
243.01 2051.9373714 2162.93188723
243.51 2058.39724783 2169.74119493
244.01 2064.86448386 2176.55826032
244.51 2071.3390742 2183.38307782
245.01 2077.82101357 2190.2156419
245.51 2084.31029674 2197.05594702
246.01 2090.80691848 2203.90398766
246.51 2097.31087358 2210.75975835
247.01 2103.82215685 2217.6232536
247.51 2110.3407631 2224.49446795
248.01 2116.86668718 2231.37339598
248.51 2123.39992396 2238.26003226
249.01 2129.94046831 2245.1543714
249.51 2136.48831512 2252.05640802
250.01 2143.04345931 2258.96613674
250.51 2149.60589581 2265.88355223
251.01 2156.17561956 2272.80864915
251.51 2162.75262552 2279.74142221
252.01 2169.33690868 2286.6818661
252.51 2175.92846403 2293.62997555
253.01 2182.52728658 2300.58574531
253.51 2189.13337138 2307.54917014
254.01 2195.74671345 2314.52024482
254.51 2202.36730787 2321.49896414
255.01 2208.99514971 2328.48532292
255.51 2215.63023408 2335.47931598
256.01 2222.27255607 2342.48093818
256.51 2228.92211083 2349.49018438
257.01 2235.57889349 2356.50704945
257.51 2242.24289922 2363.53152831
258.01 2248.91412319 2370.56361585
258.51 2255.59256059 2377.60330703
259.01 2262.27820663 2384.65059677
259.51 2268.97105653 2391.70548006
260.01 2275.67110553 2398.76795186
260.51 2282.37834889 2405.83800718
261.01 2289.09278187 2412.91564103
261.51 2295.81439976 2420.00084844
262.01 2302.54319787 2427.09362445
262.51 2309.27917149 2434.19396413
263.01 2316.02231598 2441.30186256
263.51 2322.77262666 2448.41731482
264.01 2329.53009891 2455.54031604
264.51 2336.29472809 2462.67086132
265.01 2343.0665096 2469.80894582
265.51 2349.84543884 2476.9545647
266.01 2356.63151123 2484.10771311
266.51 2363.4247222 2491.26838625
267.01 2370.22506721 2498.43657933
267.51 2377.03254172 2505.61228755
268.01 2383.8471412 2512.79550616
268.51 2390.66886115 2519.98623039
269.01 2397.49769707 2527.18445552
269.51 2404.33364448 2534.39017682
270.01 2411.17669892 2541.60338959
270.51 2418.02685593 2548.82408912
271.01 2424.88411108 2556.05227075
271.51 2431.74845995 2563.28792981
272.01 2438.61989812 2570.53106165
272.51 2445.4984212 2577.78166164
273.01 2452.3840248 2585.03972516
273.51 2459.27670456 2592.30524761
274.01 2466.17645612 2599.57822438
274.51 2473.08327514 2606.85865092
275.01 2479.99715729 2614.14652265
275.51 2486.91809826 2621.44183502
276.01 2493.84609375 2628.74458351
276.51 2500.78113946 2636.05476359
277.01 2507.72323113 2643.37237076
277.51 2514.67236449 2650.69740052
278.01 2521.62853529 2658.0298484
278.51 2528.5917393 2665.36970992
279.01 2535.56197229 2672.71698065
279.51 2542.53923005 2680.07165614
280.01 2549.5235084 2687.43373196
280.51 2556.51480313 2694.80320372
281.01 2563.51311009 2702.180067
281.51 2570.51842511 2709.56431743
282.01 2577.53074405 2716.95595064
282.51 2584.55006277 2724.35496227
283.01 2591.57637715 2731.76134797
283.51 2598.61010845 2739.17555179
284.01 2605.65141686 2746.59774258
284.51 2612.69971364 2754.02729976
285.01 2619.75499471 2761.46421904
285.51 2626.81725603 2768.90849614
286.01 2633.88649356 2776.3601268
286.51 2640.96270326 2783.81910679
287.01 2648.04588112 2791.28543186
287.51 2655.13602314 2798.7590978
288.01 2662.23312532 2806.24010039
288.51 2669.33718368 2813.72843544
289.01 2676.44819425 2821.22409876
289.51 2683.56615308 2828.72708619
290.01 2690.69105622 2836.23739357
290.51 2697.82289974 2843.75501674
291.01 2704.96167971 2851.27995158
291.51 2712.10739222 2858.81219396
292.01 2719.26003338 2866.35173977
292.51 2726.41959929 2873.89858491
293.01 2733.58608608 2881.45272531
293.51 2740.75948989 2889.01415687
294.01 2747.93980686 2896.58287555
294.51 2755.12703315 2904.15887729
295.01 2762.32116492 2911.74215805
295.51 2769.52219837 2919.33271381
296.01 2776.73012967 2926.93054055
296.51 2783.94495503 2934.53563427
297.01 2791.16667067 2942.14799098
297.51 2798.39527281 2949.7676067
298.01 2805.63075768 2957.39447745
298.51 2812.87312153 2965.02859928
299.01 2820.12236062 2972.66996825
299.51 2827.37847121 2980.31858043
300.01 2834.64144959 2987.97443188
300.51 2841.91129204 2995.63751869
301.01 2849.18799486 3003.30783698
301.51 2856.47155436 3010.98538284
302.01 2863.76196686 3018.6701524
302.51 2871.0592287 3026.36214179
303.01 2878.36333622 3034.06134716
303.51 2885.67428576 3041.76776466
304.01 2892.9920737 3049.48139046
304.51 2900.31669639 3057.20222073
305.01 2907.64815024 3064.93025166
305.51 2914.98643163 3072.66547946
306.01 2922.33153696 3080.40790032
306.51 2929.68346265 3088.15751047
307.01 2937.04220512 3095.91430614
307.51 2944.4077608 3103.67828356
308.01 2951.78012615 3111.44943901
308.51 2959.15929761 3119.22776872
309.01 2966.54527165 3127.01326898
309.51 2973.93804475 3134.80593607
310.01 2981.33761337 3142.60576629
310.51 2988.74397403 3150.41275593
311.01 2996.15712322 3158.22690132
311.51 3003.57705746 3166.04819877
312.01 3011.00377326 3173.87664462
312.51 3018.43726717 3181.71223522
313.01 3025.87753572 3189.55496692
313.51 3033.32457546 3197.40483608
314.01 3040.77838296 3205.26183909
314.51 3048.23895478 3213.12597232
315.01 3055.70628751 3220.99723217
315.51 3063.18037774 3228.87561505
316.01 3070.66122206 3236.76111736
316.51 3078.14881709 3244.65373555
317.01 3085.64315943 3252.55346603
317.51 3093.14424572 3260.46030526
318.01 3100.6520726 3268.37424969
318.51 3108.16663671 3276.29529578
319.01 3115.68793469 3284.22344
319.51 3123.21596323 3292.15867885
320.01 3130.75071898 3300.1010088
320.51 3138.29219863 3308.05042637
321.01 3145.84039888 3316.00692806
321.51 3153.39531641 3323.9705104
322.01 3160.95694794 3331.94116992
322.51 3168.52529019 3339.91890315
323.01 3176.10033989 3347.90370665
323.51 3183.68209376 3355.89557697
324.01 3191.27054855 3363.89451068
324.51 3198.86570102 3371.90050436
325.01 3206.46754792 3379.91355459
325.51 3214.07608602 3387.93365798
326.01 3221.69131211 3395.96081112
326.51 3229.31322298 3403.99501062
327.01 3236.9418154 3412.03625312
327.51 3244.57708621 3420.08453523
328.01 3252.21903219 3428.13985361
328.51 3259.86765018 3436.2022049
329.01 3267.52293701 3444.27158576
329.51 3275.18488951 3452.34799286
330.01 3282.85350453 3460.43142287
330.51 3290.52877892 3468.52187248
331.01 3298.21070955 3476.61933838
331.51 3305.8992933 3484.72381727
332.01 3313.59452703 3492.83530587
332.51 3321.29640764 3500.95380089
333.01 3329.00493202 3509.07929906
333.51 3336.72009709 3517.21179712
334.01 3344.44189974 3525.35129182
334.51 3352.1703369 3533.49777991
335.01 3359.9054055 3541.65125814
335.51 3367.64710248 3549.8117233
336.01 3375.39542478 3557.97917216
336.51 3383.15036936 3566.15360151
337.01 3390.91193316 3574.33500814
337.51 3398.68011317 3582.52338886
338.01 3406.45490635 3590.71874048
338.51 3414.2363097 3598.92105983
339.01 3422.0243202 3607.13034373
339.51 3429.81893486 3615.34658901
340.01 3437.62015067 3623.56979253
340.51 3445.42796467 3631.79995114
341.01 3453.24237386 3640.0370617
341.51 3461.06337528 3648.28112108
342.01 3468.89096596 3656.53212615
342.51 3476.72514296 3664.79007381
343.01 3484.56590333 3673.05496095
343.51 3492.41324412 3681.32678446
344.01 3500.26716241 3689.60554126
344.51 3508.12765527 3697.89122827
345.01 3515.99471979 3706.18384241
345.51 3523.86835304 3714.48338062
346.01 3531.74855215 3722.78983983
346.51 3539.63531419 3731.103217
347.01 3547.52863631 3739.42350908
347.51 3555.4285156 3747.75071303
348.01 3563.3349492 3756.08482584
348.51 3571.24793424 3764.42584447
349.01 3579.16746787 3772.77376591
349.51 3587.09354723 3781.12858716
350.01 3595.02616949 3789.49030523
350.51 3602.9653318 3797.85891712
351.01 3610.91103133 3806.23441985
351.51 3618.86326526 3814.61681044
352.01 3626.82203078 3823.00608593
352.51 3634.78732508 3831.40224335
353.01 3642.75914536 3839.80527976
353.51 3650.73748882 3848.21519221
354.01 3658.72235267 3856.63197776
354.51 3666.71373414 3865.05563348
355.01 3674.71163046 3873.48615644
355.51 3682.71603884 3881.92354374
356.01 3690.72695655 3890.36779246
356.51 3698.74438082 3898.81889969
357.01 3706.76845253 3907.27701395
357.51 3714.79961745 3915.74260511
358.01 3722.83728369 3924.21504926
358.51 3730.88144852 3932.69434353
359.01 3738.93210924 3941.18048506
359.51 3746.98926314 3949.673471
360.01 3755.0529075 3958.1732985
360.51 3763.12303964 3966.67996471
361.01 3771.19965687 3975.1934668
361.51 3779.2827565 3983.71380195
362.01 3787.37233586 3992.24096734
362.51 3795.46839228 4000.77496014
363.01 3803.5709231 4009.31577755
363.51 3811.67992566 4017.86341678
364.01 3819.79539731 4026.41787503
364.51 3827.9173354 4034.97914951
365.01 3836.04573731 4043.54723745
365.51 3844.18060039 4052.12213607
366.01 3852.32192203 4060.7038426
366.51 3860.46969961 4069.29235429
367.01 3868.62393051 4077.88766838
367.51 3876.78461214 4086.48978213
368.01 3884.95174189 4095.0986928
368.51 3893.12531716 4103.71439765
369.01 3901.30533539 4112.33689397
369.51 3909.49179397 4120.96617902
370.01 3917.68469035 4129.60225009
370.51 3925.88402194 4138.24510449
371.01 3934.0897862 4146.8947395
371.51 3942.30198056 4155.55115245
372.01 3950.52060248 4164.21434063
372.51 3958.74564941 4172.88430136
373.01 3966.97711882 4181.56103199
373.51 3975.21500817 4190.24452982
374.01 3983.45931494 4198.93479221
374.51 3991.71003661 4207.6318165
375.01 3999.96717067 4216.33560004
375.51 4008.23071461 4225.04614019
376.01 4016.50066592 4233.76343431
376.51 4024.77702213 4242.48747977
377.01 4033.05978072 4251.21827394
377.51 4041.34893923 4259.95581422
378.01 4049.64449518 4268.70009798
378.51 4057.94644608 4277.45112262
379.01 4066.25478948 4286.20888555
379.51 4074.56952292 4294.97338417
380.01 4082.89064394 4303.74461588
380.51 4091.21815009 4312.52257812
381.01 4099.55203894 4321.30726831
381.51 4107.89230803 4330.09868388
382.01 4116.23895496 4338.89682226
382.51 4124.59197727 4347.7016809
383.01 4132.95137257 4356.51325724
383.51 4141.31713842 4365.33154875
384.01 4149.68927244 4374.15655289
384.51 4158.0677722 4382.98826711
385.01 4166.45263531 4391.82668889
385.51 4174.84385939 4400.67181572
386.01 4183.24144204 4409.52364508
386.51 4191.64538088 4418.38217445
387.01 4200.05567355 4427.24740133
387.51 4208.47231766 4436.11932323
388.01 4216.89531086 4444.99793765
388.51 4225.32465078 4453.88324211
389.01 4233.76033507 4462.77523412
389.51 4242.20236139 4471.67391122
390.01 4250.65072739 4480.57927092
390.51 4259.10543074 4489.49131077
391.01 4267.56646909 4498.41002831
391.51 4276.03384014 4507.33542109
392.01 4284.50754154 4516.26748666
392.51 4292.987571 4525.20622257
393.01 4301.47392619 4534.1516264
393.51 4309.96660481 4543.10369571
394.01 4318.46560457 4552.06242808
394.51 4326.97092316 4561.02782109
395.01 4335.4825583 4569.99987232
395.51 4344.00050771 4578.97857938
396.01 4352.5247691 4587.96393984
396.51 4361.0553402 4596.95595133
397.01 4369.59221874 4605.95461144
397.51 4378.13540246 4614.9599178
398.01 4386.68488909 4623.97186801
398.51 4395.24067639 4632.99045971
399.01 4403.80276211 4642.01569052
399.51 4412.371144 4651.04755808
400.01 4420.94581983 4660.08606003
400.51 4429.52678735 4669.13119401
401.01 4438.11404435 4678.18295768
401.51 4446.7075886 4687.2413487
402.01 4455.30741789 4696.30636472
402.51 4463.91352998 4705.37800341
403.01 4472.52592269 4714.45626245
403.51 4481.14459381 4723.5411395
404.01 4489.76954113 4732.63263226
404.51 4498.40076247 4741.73073842
405.01 4507.03825563 4750.83545565
405.51 4515.68201844 4759.94678167
406.01 4524.3320487 4769.06471417
406.51 4532.98834426 4778.18925087
407.01 4541.65090293 4787.32038948
407.51 4550.31972256 4796.45812771
408.01 4558.99480098 4805.60246328
408.51 4567.67613604 4814.75339394
409.01 4576.36372559 4823.91091741
409.51 4585.05756749 4833.07503142
410.01 4593.75765959 4842.24573373
410.51 4602.46399975 4851.42302208
411.01 4611.17658586 4860.60689422
411.51 4619.89541577 4869.79734792
412.01 4628.62048737 4878.99438093
412.51 4637.35179853 4888.19799103
413.01 4646.08934716 4897.40817599
413.51 4654.83313113 4906.62493358
414.01 4663.58314836 4915.84826158
414.51 4672.33939672 4925.0781578
415.01 4681.10187415 4934.31462001
415.51 4689.87057853 4943.55764602
416.01 4698.64550779 4952.80723362
416.51 4707.42665985 4962.06338063
417.01 4716.21403263 4971.32608486
417.51 4725.00762407 4980.59534412
418.01 4733.80743208 4989.87115623
418.51 4742.61345462 4999.15351902
419.01 4751.42568961 5008.44243032
419.51 4760.24413502 5017.73788797
420.01 4769.06878878 5027.0398898
420.51 4777.89964887 5036.34843367
421.01 4786.73671322 5045.66351741
421.51 4795.57997981 5054.98513888
422.01 4804.42944661 5064.31329595
422.51 4813.28511159 5073.64798647
423.01 4822.14697273 5082.98920832
423.51 4831.015028 5092.33695936
424.01 4839.8892754 5101.69123747
424.51 4848.76971292 5111.05204054
425.01 4857.65633854 5120.41936644
425.51 4866.54915027 5129.79321308
426.01 4875.44814611 5139.17357834
426.51 4884.35332406 5148.56046012
427.01 4893.26468215 5157.95385633
427.51 4902.18221838 5167.35376488
428.01 4911.10593078 5176.76018368
428.51 4920.03581737 5186.17311065
429.01 4928.97187617 5195.5925437
429.51 4937.91410522 5205.01848077
430.01 4946.86250256 5214.45091978
430.51 4955.81706623 5223.88985867
431.01 4964.77779428 5233.33529539
431.51 4973.74468474 5242.78722786
432.01 4982.71773568 5252.24565405
432.51 4991.69694515 5261.7105719
433.01 5000.68231122 5271.18197938
433.51 5009.67383194 5280.65987443
434.01 5018.6715054 5290.14425503
434.51 5027.67532966 5299.63511914
435.01 5036.6853028 5309.13246475
435.51 5045.7014229 5318.63628982
436.01 5054.72368805 5328.14659234
436.51 5063.75209634 5337.6633703
437.01 5072.78664586 5347.18662168
437.51 5081.82733471 5356.71634449
438.01 5090.874161 5366.25253672
438.51 5099.92712282 5375.79519638
439.01 5108.98621829 5385.34432146
439.51 5118.05144552 5394.89990999
440.01 5127.12280263 5404.46195998
440.51 5136.20028773 5414.03046944
441.01 5145.28389897 5423.60543641
441.51 5154.37363446 5433.18685891
442.01 5163.46949233 5442.77473498
442.51 5172.57147073 5452.36906264
443.01 5181.6795678 5461.96983995
443.51 5190.79378167 5471.57706493
444.01 5199.9141105 5481.19073565
444.51 5209.04055245 5490.81085016
445.01 5218.17310566 5500.4374065
445.51 5227.3117683 5510.07040275
446.01 5236.45653853 5519.70983696
446.51 5245.60741452 5529.35570721
447.01 5254.76439444 5539.00801156
447.51 5263.92747646 5548.6667481
448.01 5273.09665876 5558.3319149
448.51 5282.27193953 5568.00351004
449.01 5291.45331696 5577.68153162
449.51 5300.64078922 5587.36597773
450.01 5309.83454625 5597.05704857
450.51 5319.03442889 5606.75457636
451.01 5328.2404017 5616.45852376
451.51 5337.45246291 5626.16888889
452.01 5346.67061071 5635.88566985
452.51 5355.89484332 5645.60886476
453.01 5365.12515895 5655.33847175
453.51 5374.36155583 5665.07448893
454.01 5383.60403218 5674.81691443
454.51 5392.85258622 5684.56574639
455.01 5402.10721619 5694.32098294
455.51 5411.36792032 5704.08262221
456.01 5420.63469685 5713.85066235
456.51 5429.90754402 5723.62510151
457.01 5439.18646007 5733.40593783
457.51 5448.47144325 5743.19316948
458.01 5457.76249182 5752.9867946
458.51 5467.05960403 5762.78681135
459.01 5476.36277814 5772.59321792
459.51 5485.67201241 5782.40601245
460.01 5494.98730511 5792.22519313
460.51 5504.30865451 5802.05075812
461.01 5513.63605888 5811.88270562
461.51 5522.96951649 5821.7210338
462.01 5532.30902563 5831.56574084
462.51 5541.65458458 5841.41682495
463.01 5551.00619163 5851.27428431
463.51 5560.36384506 5861.13811712
464.01 5569.72754317 5871.00832158
464.51 5579.09728426 5880.8848959
465.01 5588.47306663 5890.76783829
465.51 5597.85488858 5900.65714695
466.01 5607.24274841 5910.55282011
466.51 5616.63664445 5920.45485597
467.01 5626.036575 5930.36325278
467.51 5635.44253837 5940.27800874
468.01 5644.8545329 5950.19912209
468.51 5654.2725569 5960.12659106
469.01 5663.6966087 5970.0604139
469.51 5673.12668663 5980.00058883
470.01 5682.56278902 5989.94711411
470.51 5692.00491422 5999.89998797
471.01 5701.45306055 6009.85920868
471.51 5710.90722638 6019.82477448
472.01 5720.36741003 6029.79668363
472.51 5729.83360986 6039.7749344
473.01 5739.30582423 6049.75952504
473.51 5748.78405149 6059.75045382
474.01 5758.26829001 6069.74771902
474.51 5767.75853813 6079.75131891
475.01 5777.25479424 6089.76125176
475.51 5786.75705669 6099.77751586
476.01 5796.26532386 6109.8001095
476.51 5805.77959413 6119.82903095
477.01 5815.29986588 6129.86427852
477.51 5824.82613749 6139.90585048
478.01 5834.35840733 6149.95374516
478.51 5843.89667381 6160.00796083
479.01 5853.44093531 6170.06849581
479.51 5862.99119022 6180.13534841
480.01 5872.54743695 6190.20851694
480.51 5882.1096739 6200.2879997
481.01 5891.67789946 6210.37379502
481.51 5901.25211205 6220.46590123
482.01 5910.83231007 6230.56431663
482.51 5920.41849194 6240.66903956
483.01 5930.01065607 6250.78006836
483.51 5939.60880089 6260.89740134
484.01 5949.21292481 6271.02103686
484.51 5958.82302626 6281.15097325
485.01 5968.43910367 6291.28720885
485.51 5978.06115547 6301.42974201
486.01 5987.6891801 6311.57857107
486.51 5997.32317598 6321.7336944
487.01 6006.96314157 6331.89511035
487.51 6016.6090753 6342.06281728
488.01 6026.26097562 6352.23681354
488.51 6035.91884098 6362.41709751
489.01 6045.58266983 6372.60366754
489.51 6055.25246063 6382.79652203
490.01 6064.92821183 6392.99565933
490.51 6074.6099219 6403.20107782
491.01 6084.2975893 6413.41277589
491.51 6093.99121249 6423.63075193
492.01 6103.69078995 6433.85500431
492.51 6113.39632015 6444.08553142
493.01 6123.10780156 6454.32233167
493.51 6132.82523267 6464.56540345
494.01 6142.54861194 6474.81474514
494.51 6152.27793788 6485.07035517
495.01 6162.01320896 6495.33223193
495.51 6171.75442367 6505.60037383
496.01 6181.50158051 6515.87477928
496.51 6191.25467798 6526.1554467
497.01 6201.01371456 6536.4423745
497.51 6210.77868877 6546.7355611
498.01 6220.5495991 6557.03500493
498.51 6230.32644406 6567.34070441
499.01 6240.10922217 6577.65265797
499.51 6249.89793193 6587.97086405
500.01 6259.69257187 6598.29532107
500.51 6269.49314049 6608.62602748
501.01 6279.29963632 6618.96298172
501.51 6289.11205788 6629.30618222
502.01 6298.9304037 6639.65562745
502.51 6308.7546723 6650.01131584
503.01 6318.58486223 6660.37324584
503.51 6328.42097201 6670.74141592
504.01 6338.26300018 6681.11582454
504.51 6348.11094528 6691.49647014
505.01 6357.96480586 6701.88335121
505.51 6367.82458045 6712.27646619
506.01 6377.69026761 6722.67581357
506.51 6387.56186589 6733.08139182
507.01 6397.43937385 6743.4931994
507.51 6407.32279002 6753.9112348
508.01 6417.21211299 6764.33549651
508.51 6427.1073413 6774.76598299
509.01 6437.00847352 6785.20269275
509.51 6446.91550823 6795.64562426
510.01 6456.82844398 6806.09477603
510.51 6466.74727935 6816.55014654
511.01 6476.67201291 6827.01173429
511.51 6486.60264325 6837.47953779
512.01 6496.53916894 6847.95355553
512.51 6506.48158856 6858.43378602
513.01 6516.4299007 6868.92022778
513.51 6526.38410395 6879.41287931
514.01 6536.3441969 6889.91173912
514.51 6546.31017814 6900.41680574
515.01 6556.28204627 6910.92807768
515.51 6566.25979987 6921.44555347
516.01 6576.24343757 6931.96923163
516.51 6586.23295795 6942.49911068
517.01 6596.22835962 6953.03518916
517.51 6606.2296412 6963.5774656
518.01 6616.23680129 6974.12593854
518.51 6626.24983851 6984.68060651
519.01 6636.26875146 6995.24146806
519.51 6646.29353878 7005.80852173
520.01 6656.32419908 7016.38176606
520.51 6666.36073098 7026.96119961
521.01 6676.40313311 7037.54682092
521.51 6686.4514041 7048.13862856
522.01 6696.50554258 7058.73662107
522.51 6706.56554719 7069.34079701
523.01 6716.63141655 7079.95115496
523.51 6726.70314931 7090.56769346
524.01 6736.7807441 7101.1904111
524.51 6746.86419958 7111.81930644
525.01 6756.95351438 7122.45437805
525.51 6767.04868715 7133.0956245
526.01 6777.14971656 7143.74304438
526.51 6787.25660123 7154.39663627
527.01 6797.36933984 7165.05639874
527.51 6807.48793105 7175.72233038
528.01 6817.6123735 7186.39442978
528.51 6827.74266586 7197.07269554
529.01 6837.87880681 7207.75712623
529.51 6848.020795 7218.44772047
530.01 6858.1686291 7229.14447684
530.51 6868.32230779 7239.84739394
531.01 6878.48182975 7250.55647039
531.51 6888.64719364 7261.27170477
532.01 6898.81839815 7271.99309571
532.51 6908.99544196 7282.72064181
533.01 6919.17832375 7293.45434169
533.51 6929.36704221 7304.19419396
534.01 6939.56159603 7314.94019723
534.51 6949.7619839 7325.69235013
535.01 6959.96820451 7336.45065128
535.51 6970.18025655 7347.2150993
536.01 6980.39813874 7357.98569283
536.51 6990.62184975 7368.76243049
537.01 7000.85138831 7379.54531091
537.51 7011.08675311 7390.33433273
538.01 7021.32794286 7401.12949459
538.51 7031.57495626 7411.93079513
539.01 7041.82779204 7422.73823298
539.51 7052.0864489 7433.55180679
540.01 7062.35092557 7444.37151521
540.51 7072.62122075 7455.19735689
541.01 7082.89733317 7466.02933048
541.51 7093.17926155 7476.86743463
542.01 7103.46700463 7487.711668
542.51 7113.76056111 7498.56202925
543.01 7124.05992974 7509.41851703
543.51 7134.36510925 7520.28113002
544.01 7144.67609837 7531.14986687
544.51 7154.99289583 7542.02472626
545.01 7165.31550038 7552.90570685
545.51 7175.64391076 7563.79280733
546.01 7185.9781257 7574.68602635
546.51 7196.31814396 7585.58536261
547.01 7206.66396428 7596.49081477
547.51 7217.01558541 7607.40238152
548.01 7227.3730061 7618.32006155
548.51 7237.73622511 7629.24385355
549.01 7248.10524119 7640.17375619
549.51 7258.4800531 7651.10976817
550.01 7268.8606596 7662.05188819
550.51 7279.24705945 7673.00011494
551.01 7289.63925142 7683.95444711
551.51 7300.03723428 7694.91488341
552.01 7310.44100678 7705.88142255
552.51 7320.85056771 7716.85406321
553.01 7331.26591584 7727.83280412
553.51 7341.68704994 7738.81764398
554.01 7352.11396879 7749.8085815
554.51 7362.54667117 7760.8056154
555.01 7372.98515586 7771.80874438
555.51 7383.42942164 7782.81796718
556.01 7393.8794673 7793.8332825
556.51 7404.33529163 7804.85468907
557.01 7414.79689342 7815.88218562
557.51 7425.26427146 7826.91577087
558.01 7435.73742454 7837.95544354
558.51 7446.21635146 7849.00120239
559.01 7456.70105102 7860.05304612
559.51 7467.19152201 7871.11097349
560.01 7477.68776325 7882.17498322
560.51 7488.18977353 7893.24507406
561.01 7498.69755167 7904.32124475
561.51 7509.21109646 7915.40349403
562.01 7519.73040673 7926.49182065
562.51 7530.25548127 7937.58622336
563.01 7540.78631892 7948.68670091
563.51 7551.32291847 7959.79325205
564.01 7561.86527876 7970.90587553
564.51 7572.41339861 7982.02457012
565.01 7582.96727682 7993.14933456
565.51 7593.52691224 8004.28016763
566.01 7604.09230369 8015.41706808
566.51 7614.66316924 8026.55973875
567.01 7625.23952287 8037.70819436
567.51 7635.82162755 8048.86271211
568.01 7646.4094821 8060.02329075
568.51 7657.00308536 8071.18992906
569.01 7667.60243616 8082.36262582
569.51 7678.20753335 8093.54137981
570.01 7688.81837577 8104.72618979
570.51 7699.43496225 8115.91705455
571.01 7710.05729165 8127.11397288
571.51 7720.68536282 8138.31694355
572.01 7731.31917459 8149.52596536
572.51 7741.95872582 8160.74103709
573.01 7752.60401537 8171.96215754
573.51 7763.25504209 8183.1893255
574.01 7773.91180483 8194.42253975
574.51 7784.57430246 8205.66179911
575.01 7795.24253384 8216.90710237
575.51 7805.91649782 8228.15844832
576.01 7816.59619327 8239.41583577
576.51 7827.28161906 8250.67926353
577.01 7837.97277406 8261.94873041
577.51 7848.66965713 8273.22423521
578.01 7859.37226715 8284.50577674
578.51 7870.080603 8295.79335381
579.01 7880.79466354 8307.08696525
579.51 7891.51444765 8318.38660987
580.01 7902.23995422 8329.69228648
580.51 7912.97118213 8341.00399391
581.01 7923.70813025 8352.32173098
581.51 7934.45079748 8363.64549651
582.01 7945.19918269 8374.97528934
582.51 7955.95328479 8386.31110828
583.01 7966.71310266 8397.65295218
583.51 7977.47863519 8409.00081985
584.01 7988.24988127 8420.35471015
584.51 7999.02683981 8431.71462189
585.01 8009.8095097 8443.08055393
585.51 8020.59788983 8454.4525051
586.01 8031.39197912 8465.83047425
586.51 8042.19177646 8477.21446021
587.01 8052.99728076 8488.60446183
587.51 8063.80849093 8500.00047797
588.01 8074.62540587 8511.40250747
588.51 8085.4480245 8522.81054917
589.01 8096.27634572 8534.22460195
589.51 8107.11036846 8545.64466464
590.01 8117.95009162 8557.07073612
590.51 8128.79551413 8568.50281523
591.01 8139.64663491 8579.94090084
591.51 8150.50345287 8591.38499181
592.01 8161.36596693 8602.835087
592.51 8172.23417603 8614.29118529
593.01 8183.1080791 8625.75328554
593.51 8193.98767504 8637.22138662
594.01 8204.87296281 8648.6954874
594.51 8215.76394132 8660.17558675
595.01 8226.66060952 8671.66168356
595.51 8237.56296634 8683.1537767
596.01 8248.47101071 8694.65186505
596.51 8259.38474158 8706.15594749
597.01 8270.30415787 8717.6660229
597.51 8281.22925855 8729.18209018
598.01 8292.16004254 8740.70414819
598.51 8303.0965088 8752.23219584
599.01 8314.03865627 8763.76623201
599.51 8324.98648391 8775.3062556
600.01 8335.93999065 8786.8522655
600.51 8346.89917546 8798.40426061
601.01 8357.86403729 8809.96223981
601.51 8368.83457509 8821.52620202
602.01 8379.81078782 8833.09614613
602.51 8390.79267445 8844.67207105
603.01 8401.78023392 8856.25397568
603.51 8412.77346521 8867.84185892
604.01 8423.77236728 8879.43571969
604.51 8434.77693909 8891.03555689
605.01 8445.78717961 8902.64136944
605.51 8456.80308781 8914.25315625
606.01 8467.82466266 8925.87091623
606.51 8478.85190313 8937.4946483
607.01 8489.8848082 8949.12435139
607.51 8500.92337685 8960.7600244
608.01 8511.96760804 8972.40166627
608.51 8523.01750077 8984.04927591
609.01 8534.073054 8995.70285225
609.51 8545.13426673 9007.36239422
610.01 8556.20113793 9019.02790075
610.51 8567.27366659 9030.69937076
611.01 8578.3518517 9042.3768032
611.51 8589.43569225 9054.06019699
612.01 8600.52518723 9065.74955107
612.51 8611.62033562 9077.44486438
613.01 8622.72113643 9089.14613585
613.51 8633.82758865 9100.85336444
614.01 8644.93969127 9112.56654907
614.51 8656.0574433 9124.28568869
615.01 8667.18084373 9136.01078226
615.51 8678.30989156 9147.74182871
616.01 8689.4445858 9159.478827
616.51 8700.58492546 9171.22177608
617.01 8711.73090953 9182.97067489
617.51 8722.88253703 9194.72552241
618.01 8734.03980697 9206.48631757
618.51 8745.20271835 9218.25305933
619.01 8756.37127019 9230.02574667
619.51 8767.54546151 9241.80437853
620.01 8778.72529132 9253.58895388
620.51 8789.91075863 9265.37947169
621.01 8801.10186247 9277.17593091
621.51 8812.29860185 9288.97833052
622.01 8823.5009758 9300.78666949
622.51 8834.70898335 9312.60094678
623.01 8845.9226235 9324.42116138
623.51 8857.1418953 9336.24731224
624.01 8868.36679777 9348.07939835
624.51 8879.59732994 9359.91741869
625.01 8890.83349085 9371.76137223
625.51 8902.07527951 9383.61125795
626.01 8913.32269497 9395.46707484
626.51 8924.57573627 9407.32882187
627.01 8935.83440243 9419.19649804
627.51 8947.0986925 9431.07010233
628.01 8958.36860553 9442.94963373
628.51 8969.64414054 9454.83509123
629.01 8980.92529659 9466.72647381
629.51 8992.21207271 9478.62378048
630.01 9003.50446796 9490.52701023
630.51 9014.80248138 9502.43616205
631.01 9026.10611202 9514.35123494
631.51 9037.41535893 9526.27222789
632.01 9048.73022116 9538.19913992
632.51 9060.05069778 9550.13197003
633.01 9071.37678782 9562.0707172
633.51 9082.70849035 9574.01538046
634.01 9094.04580443 9585.96595881
634.51 9105.38872911 9597.92245126
635.01 9116.73726346 9609.88485681
635.51 9128.09140654 9621.85317448
636.01 9139.4511574 9633.82740329
636.51 9150.81651513 9645.80754223
637.01 9162.18747878 9657.79359035
637.51 9173.56404742 9669.78554664
638.01 9184.94622012 9681.78341013
638.51 9196.33399596 9693.78717984
639.01 9207.72737399 9705.79685479
639.51 9219.12635331 9717.81243401
640.01 9230.53093298 9729.83391652
640.51 9241.94111208 9741.86130135
641.01 9253.35688969 9753.89458752
641.51 9264.77826488 9765.93377407
642.01 9276.20523675 9777.97886002
642.51 9287.63780436 9790.02984441
643.01 9299.07596681 9802.08672628
643.51 9310.51972318 9814.14950465
644.01 9321.96907255 9826.21817857
644.51 9333.42401402 9838.29274708
645.01 9344.88454667 9850.37320921
645.51 9356.3506696 9862.459564
646.01 9367.82238189 9874.55181051
646.51 9379.29968264 9886.64994777
647.01 9390.78257094 9898.75397482
647.51 9402.27104589 9910.86389072
648.01 9413.76510659 9922.97969452
648.51 9425.26475214 9935.10138527
649.01 9436.76998164 9947.22896201
649.51 9448.28079418 9959.3624238
650.01 9459.79718888 9971.50176969
650.51 9471.31916483 9983.64699875
651.01 9482.84672115 9995.79811003
651.51 9494.37985693 10007.9551026
652.01 9505.9185713 10020.1179755
652.51 9517.46286335 10032.2867278
653.01 9529.0127322 10044.4613585
653.51 9540.56817696 10056.6418668
654.01 9552.12919675 10068.8282517
654.51 9563.69579067 10081.0205122
655.01 9575.26795786 10093.2186475
655.51 9586.84569742 10105.4226565
656.01 9598.42900847 10117.6325384
656.51 9610.01789014 10129.8482923
657.01 9621.61234155 10142.0699172
657.51 9633.21236182 10154.2974122
658.01 9644.81795007 10166.5307764
658.51 9656.42910544 10178.7700088
659.01 9668.04582704 10191.0151085
659.51 9679.66811401 10203.2660747
660.01 9691.29596547 10215.5229063
660.51 9702.92938056 10227.7856025
661.01 9714.56835842 10240.0541624
661.51 9726.21289816 10252.328585
662.01 9737.86299893 10264.6088695
662.51 9749.51865987 10276.8950149
663.01 9761.17988012 10289.1870204
663.51 9772.8466588 10301.4848849
664.01 9784.51899506 10313.7886076
664.51 9796.19688805 10326.0981877
665.01 9807.88033691 10338.4136241
665.51 9819.56934077 10350.734916
666.01 9831.26389879 10363.0620626
666.51 9842.96401011 10375.3950628
667.01 9854.66967389 10387.7339158
667.51 9866.38088926 10400.0786207
668.01 9878.09765538 10412.4291767
668.51 9889.8199714 10424.7855827
669.01 9901.54783648 10437.1478379
669.51 9913.28124976 10449.5159415
670.01 9925.02021041 10461.8898925
670.51 9936.76471758 10474.2696901
671.01 9948.51477043 10486.6553333
671.51 9960.27036811 10499.0468213
672.01 9972.03150979 10511.4441531
672.51 9983.79819464 10523.847328
673.01 9995.5704218 10536.256345
673.51 10007.3481905 10548.6712032
674.01 10019.1314998 10561.0919018
674.51 10030.9203489 10573.5184399
675.01 10042.714737 10585.9508166
675.51 10054.5146633 10598.389031
676.01 10066.3201269 10610.8330823
676.51 10078.131127 10623.2829695
677.01 10089.9476627 10635.7386919
677.51 10101.7697333 10648.2002485
678.01 10113.597338 10660.6676385
678.51 10125.4304758 10673.1408609
679.01 10137.269146 10685.619915
679.51 10149.1133477 10698.1047999
680.01 10160.9630802 10710.5955147
680.51 10172.8183426 10723.0920585
681.01 10184.6791341 10735.5944305
681.51 10196.5454539 10748.1026298
682.01 10208.4173011 10760.6166556
682.51 10220.294675 10773.136507
683.01 10232.1775748 10785.6621831
683.51 10244.0659995 10798.1936831
684.01 10255.9599485 10810.7310062
684.51 10267.8594209 10823.2741514
685.01 10279.7644159 10835.823118
685.51 10291.6749327 10848.377905
686.01 10303.5909704 10860.9385117
686.51 10315.5125284 10873.5049372
687.01 10327.4396057 10886.0771806
687.51 10339.3722016 10898.6552411
688.01 10351.3103153 10911.2391178
688.51 10363.253946 10923.82881
689.01 10375.2030928 10936.4243167
689.51 10387.157755 10949.0256371
690.01 10399.1179318 10961.6327704
690.51 10411.0836224 10974.2457157
691.01 10423.054826 10986.8644723
691.51 10435.0315418 10999.4890392
692.01 10447.013769 11012.1194157
692.51 10459.0015068 11024.7556009
693.01 10470.9947545 11037.3975939
693.51 10482.9935112 11050.045394
694.01 10494.9977761 11062.6990003
694.51 10507.0075485 11075.358412
695.01 10519.0228276 11088.0236282
695.51 10531.0436127 11100.6946482
696.01 10543.0699028 11113.3714711
696.51 10555.1016972 11126.054096
697.01 10567.1389953 11138.7425222
697.51 10579.1817961 11151.4367489
698.01 10591.2300988 11164.1367751
698.51 10603.2839029 11176.8426002
699.01 10615.3432073 11189.5542232
699.51 10627.4080115 11202.2716434
700.01 10639.4783145 11214.99486
700.51 10651.5541157 11227.723872
701.01 10663.6354142 11240.4586788
701.51 10675.7222093 11253.1992796
702.01 10687.8145002 11265.9456734
702.51 10699.9122861 11278.6978595
703.01 10712.0155664 11291.455837
703.51 10724.1243401 11304.2196053
704.01 10736.2386066 11316.9891634
704.51 10748.3583651 11329.7645106
705.01 10760.4836148 11342.545646
705.51 10772.614355 11355.3325689
706.01 10784.7505849 11368.1252784
706.51 10796.8923037 11380.9237738
707.01 10809.0395107 11393.7280543
707.51 10821.1922051 11406.538119
708.01 10833.3503862 11419.3539671
708.51 10845.5140532 11432.175598
709.01 10857.6832054 11445.0030106
709.51 10869.857842 11457.8362044
710.01 10882.0379622 11470.6751785
710.51 10894.2235654 11483.519932
711.01 10906.4146507 11496.3704642
711.51 10918.6112174 11509.2267744
712.01 10930.8132647 11522.0888616
712.51 10943.020792 11534.9567253
713.01 10955.2337985 11547.8303644
713.51 10967.4510723 11560.7085018
714.01 10979.673444 11573.5920128
714.51 10991.9012891 11586.4812933
715.01 11004.134607 11599.3763425
715.51 11016.3733967 11612.2771597
716.01 11028.6176577 11625.183744
716.51 11040.8673892 11638.0960947
717.01 11053.1225904 11651.014211
717.51 11065.3832605 11663.9380922
718.01 11077.649399 11676.8677373
718.51 11089.9210049 11689.8031458
719.01 11102.1980777 11702.7443168
719.51 11114.4806165 11715.6912494
720.01 11126.7686206 11728.6439431
720.51 11139.0620893 11741.6023969
721.01 11151.3610218 11754.5666101
721.51 11163.6654175 11767.536582
722.01 11175.9752756 11780.5123117
722.51 11188.2905953 11793.4937985
723.01 11200.611376 11806.4810417
723.51 11212.9376169 11819.4740404
724.01 11225.2693172 11832.472794
724.51 11237.6064764 11845.4773015
725.01 11249.9490936 11858.4875624
725.51 11262.2971681 11871.5035758
726.01 11274.6506992 11884.525341
726.51 11287.0096862 11897.5528571
727.01 11299.3741283 11910.5861235
727.51 11311.7440249 11923.6251394
728.01 11324.1193753 11936.6699041
728.51 11336.5001786 11949.7204167
729.01 11348.8864342 11962.7766765
729.51 11361.2781414 11975.8386828
730.01 11373.6752995 11988.9064348
730.51 11386.0779078 12001.9799318
731.01 11398.4859655 12015.059173
731.51 11410.8994719 12028.1441577
732.01 11423.3184264 12041.2348851
732.51 11435.7428281 12054.3313545
733.01 11448.1726765 12067.4335652
733.51 11460.6079708 12080.5415163
734.01 11473.0487103 12093.6552071
734.51 11485.4948943 12106.774637
735.01 11497.9465221 12119.8998052
735.51 11510.403593 12133.0307108
736.01 11522.8661063 12146.1673533
736.51 11535.3340612 12159.3097318
737.01 11547.8074572 12172.4578456
737.51 11560.2862935 12185.6116939
738.01 11572.7705693 12198.7712761
738.51 11585.2602841 12211.9365915
739.01 11597.755437 12225.1076392
739.51 11610.2560275 12238.2844185
740.01 11622.7620548 12251.4669287
740.51 11635.2735182 12264.6551692
741.01 11647.7904171 12277.849139
741.51 11660.3127506 12291.0488376
742.01 11672.8405183 12304.2542642
742.51 11685.3737193 12317.4654181
743.01 11697.912353 12330.6822985
743.51 11710.4564187 12343.9049047
744.01 11723.0059157 12357.133236
744.51 11735.5608433 12370.3672917
745.01 11748.1212008 12383.6070711
745.51 11760.6869876 12396.8525734
746.01 11773.258203 12410.1037979
746.51 11785.8348462 12423.3607439
747.01 11798.4169167 12436.6234107
747.51 11811.0044137 12449.8917975
748.01 11823.5973365 12463.1659037
748.51 11836.1956845 12476.4457286
749.01 11848.7994571 12489.7312713
749.51 11861.4086534 12503.0225313
750.01 11874.0232729 12516.3195078
750.51 11886.6433149 12529.6222
751.01 11899.2687786 12542.9306074
751.51 11911.8996635 12556.2447291
752.01 11924.5359689 12569.5645644
752.51 11937.177694 12582.8901128
753.01 11949.8248382 12596.2213733
753.51 11962.4774009 12609.5583455
754.01 11975.1353814 12622.9010285
754.51 11987.798779 12636.2494216
755.01 12000.4675931 12649.6035241
755.51 12013.1418229 12662.9633354
756.01 12025.8214679 12676.3288548
756.51 12038.5065273 12689.7000814
757.01 12051.1970005 12703.0770148
757.51 12063.8928869 12716.459654
758.01 12076.5941857 12729.8479985
758.51 12089.3008964 12743.2420476
759.01 12102.0130182 12756.6418006
759.51 12114.7305505 12770.0472567
760.01 12127.4534926 12783.4584152
760.51 12140.181844 12796.8752756
761.01 12152.9156038 12810.2978371
761.51 12165.6547716 12823.7260989
762.01 12178.3993466 12837.1600605
762.51 12191.1493281 12850.5997211
763.01 12203.9047156 12864.0450801
763.51 12216.6655083 12877.4961367
764.01 12229.4317057 12890.9528903
764.51 12242.203307 12904.4153401
765.01 12254.9803117 12917.8834856
765.51 12267.7627191 12931.357326
766.01 12280.5505284 12944.8368607
766.51 12293.3437392 12958.3220889
767.01 12306.1423507 12971.81301
767.51 12318.9463623 12985.3096232
768.01 12331.7557734 12998.8119281
768.51 12344.5705833 13012.3199237
769.01 12357.3907913 13025.8336096
769.51 12370.2163969 13039.3529849
770.01 12383.0473994 13052.8780491
770.51 12395.8837981 13066.4088014
771.01 12408.7255925 13079.9452412
771.51 12421.5727818 13093.4873678
772.01 12434.4253655 13107.0351806
772.51 12447.2833429 13120.5886788
773.01 12460.1467133 13134.1478618
773.51 12473.0154763 13147.712729
774.01 12485.889631 13161.2832796
774.51 12498.7691769 13174.8595131
775.01 12511.6541133 13188.4414286
775.51 12524.5444397 13202.0290257
776.01 12537.4401554 13215.6223035
776.51 12550.3412597 13229.2212615
777.01 12563.247752 13242.825899
777.51 12576.1596318 13256.4362153
778.01 12589.0768983 13270.0522098
778.51 12601.999551 13283.6738817
779.01 12614.9275892 13297.3012306
779.51 12627.8610124 13310.9342556
780.01 12640.7998198 13324.5729561
780.51 12653.7440109 13338.2173316
781.01 12666.693585 13351.8673812
781.51 12679.6485416 13365.5231045
782.01 12692.6088799 13379.1845006
782.51 12705.5745995 13392.851569
783.01 12718.5456996 13406.5243091
783.51 12731.5221796 13420.2027201
784.01 12744.504039 13433.8868014
784.51 12757.4912771 13447.5765524
785.01 12770.4838934 13461.2719724
785.51 12783.4818871 13474.9730608
786.01 12796.4852577 13488.6798169
786.51 12809.4940045 13502.3922401
787.01 12822.508127 13516.1103297
787.51 12835.5276246 13529.8340851
788.01 12848.5524966 13543.5635057
788.51 12861.5827424 13557.2985908
789.01 12874.6183614 13571.0393398
789.51 12887.6593531 13584.785752
790.01 12900.7057168 13598.5378268
790.51 12913.7574518 13612.2955635
791.01 12926.8145577 13626.0589616
791.51 12939.8770337 13639.8280203
792.01 12952.9448794 13653.6027391
792.51 12966.018094 13667.3831173
793.01 12979.096677 13681.1691542
793.51 12992.1806278 13694.9608493
794.01 13005.2699458 13708.7582019
794.51 13018.3646303 13722.5612114
795.01 13031.4646809 13736.3698772
795.51 13044.5700968 13750.1841985
796.01 13057.6808776 13764.0041748
796.51 13070.7970225 13777.8298055
797.01 13083.918531 13791.66109
797.51 13097.0454025 13805.4980275
798.01 13110.1776365 13819.3406175
798.51 13123.3152322 13833.1888594
799.01 13136.4581892 13847.0427524
799.51 13149.6065068 13860.9022961
800.01 13162.7601845 13874.7674898
800.51 13175.9192216 13888.6383328
801.01 13189.0836176 13902.5148246
801.51 13202.2533718 13916.3969645
802.01 13215.4284838 13930.2847519
802.51 13228.6089528 13944.1781862
803.01 13241.7947784 13958.0772667
803.51 13254.9859599 13971.9819929
804.01 13268.1824967 13985.8923641
804.51 13281.3843883 13999.8083797
805.01 13294.5916341 14013.7300392
805.51 13307.8042335 14027.6573418
806.01 13321.0221858 14041.590287
806.51 13334.2454907 14055.5288741
807.01 13347.4741473 14069.4731026
807.51 13360.7081553 14083.4229718
808.01 13373.9475139 14097.3784812
808.51 13387.1922227 14111.3396301
809.01 13400.442281 14125.3064178
809.51 13413.6976882 14139.2788439
810.01 13426.9584439 14153.2569077
810.51 13440.2245473 14167.2406086
811.01 13453.495998 14181.2299459
811.51 13466.7727954 14195.2249192
812.01 13480.0549389 14209.2255277
812.51 13493.3424278 14223.2317709
813.01 13506.6352618 14237.2436481
813.51 13519.9334401 14251.2611589
814.01 13533.2369622 14265.2843025
814.51 13546.5458275 14279.3130783
815.01 13559.8600356 14293.3474859
815.51 13573.1795857 14307.3875245
816.01 13586.5044774 14321.4331936
816.51 13599.83471 14335.4844925
817.01 13613.170283 14349.5414208
817.51 13626.5111959 14363.6039777
818.01 13639.8574481 14377.6721627
818.51 13653.209039 14391.7459752
819.01 13666.565968 14405.8254146
819.51 13679.9282346 14419.9104804
820.01 13693.2958382 14434.0011718
820.51 13706.6687783 14448.0974884
821.01 13720.0470543 14462.1994295
821.51 13733.4306657 14476.3069946
822.01 13746.8196118 14490.420183
822.51 13760.2138922 14504.5389943
823.01 13773.6135063 14518.6634277
823.51 13787.0184535 14532.7934827
824.01 13800.4287332 14546.9291587
824.51 13813.844345 14561.0704551
825.01 13827.2652882 14575.2173714
825.51 13840.6915623 14589.369907
826.01 13854.1231667 14603.5280612
826.51 13867.560101 14617.6918336
827.01 13881.0023645 14631.8612234
827.51 13894.4499567 14646.0362302
828.01 13907.902877 14660.2168534
828.51 13921.361125 14674.4030923
829.01 13934.8246999 14688.5949464
829.51 13948.2936014 14702.7924152
830.01 13961.7678289 14716.995498
830.51 13975.2473817 14731.2041943
831.01 13988.7322594 14745.4185034
831.51 14002.2224614 14759.6384249
832.01 14015.7179872 14773.8639582
832.51 14029.2188362 14788.0951026
833.01 14042.7250079 14802.3318576
833.51 14056.2365018 14816.5742227
834.01 14069.7533172 14830.8221972
834.51 14083.2754537 14845.0757806
835.01 14096.8029108 14859.3349723
835.51 14110.3356878 14873.5997718
836.01 14123.8737842 14887.8701784
836.51 14137.4171996 14902.1461917
837.01 14150.9659333 14916.427811
837.51 14164.5199848 14930.7150358
838.01 14178.0793537 14945.0078655
838.51 14191.6440393 14959.3062996
839.01 14205.2140411 14973.6103375
839.51 14218.7893586 14987.9199786
840.01 14232.3699912 15002.2352223
840.51 14245.9559385 15016.5560682
841.01 14259.5471999 15030.8825156
841.51 14273.1437748 15045.214564
842.01 14286.7456628 15059.5522128
842.51 14300.3528632 15073.8954615
843.01 14313.9653756 15088.2443094
843.51 14327.5831995 15102.5987562
844.01 14341.2063343 15116.9588011
844.51 14354.8347794 15131.3244436
845.01 14368.4685344 15145.6956832
845.51 14382.1075987 15160.0725194
846.01 14395.7519719 15174.4549515
846.51 14409.4016533 15188.842979
847.01 14423.0566425 15203.2366014
847.51 14436.7169389 15217.6358182
848.01 14450.382542 15232.0406286
848.51 14464.0534513 15246.4510323
849.01 14477.7296662 15260.8670287
849.51 14491.4111863 15275.2886171
850.01 14505.098011 15289.7157972
850.51 14518.7901399 15304.1485682
851.01 14532.4875723 15318.5869297
851.51 14546.1903077 15333.0308811
852.01 14559.8983458 15347.4804219
852.51 14573.6116858 15361.9355516
853.01 14587.3303274 15376.3962695
853.51 14601.0542699 15390.8625751
854.01 14614.783513 15405.334468
854.51 14628.518056 15419.8119475
855.01 14642.2578985 15434.2950131
855.51 14656.0030399 15448.7836643
856.01 14669.7534797 15463.2779006
856.51 14683.5092175 15477.7777213
857.01 14697.2702526 15492.283126
857.51 14711.0365847 15506.7941141
858.01 14724.8082131 15521.3106851
858.51 14738.5851374 15535.8328384
859.01 14752.3673571 15550.3605735
859.51 14766.1548716 15564.8938899
860.01 14779.9476805 15579.432787
860.51 14793.7457832 15593.9772644
861.01 14807.5491792 15608.5273214
861.51 14821.3578681 15623.0829575
862.01 14835.1718493 15637.6441722
862.51 14848.9911223 15652.210965
863.01 14862.8156867 15666.7833353
863.51 14876.6455418 15681.3612827
864.01 14890.4806873 15695.9448065
864.51 14904.3211226 15710.5339062
865.01 14918.1668471 15725.1285814
865.51 14932.0178605 15739.7288315
866.01 14945.8741622 15754.3346559
866.51 14959.7357517 15768.9460541
867.01 14973.6026285 15783.5630257
867.51 14987.4747921 15798.1855701
868.01 15001.352242 15812.8136867
868.51 15015.2349777 15827.447375
869.01 15029.1229988 15842.0866346
869.51 15043.0163046 15856.7314648
870.01 15056.9148948 15871.3818652
870.51 15070.8187688 15886.0378353
871.01 15084.7279262 15900.6993745
871.51 15098.6423664 15915.3664823
872.01 15112.5620889 15930.0391582
872.51 15126.4870933 15944.7174016
873.01 15140.4173791 15959.4012121
873.51 15154.3529457 15974.0905891
874.01 15168.2937927 15988.7855321
874.51 15182.2399196 16003.4860407
875.01 15196.1913259 16018.1921142
875.51 15210.1480111 16032.9037521
876.01 15224.1099748 16047.6209541
876.51 15238.0772164 16062.3437194
877.01 15252.0497354 16077.0720477
877.51 15266.0275314 16091.8059384
878.01 15280.0106039 16106.5453909
878.51 15293.9989524 16121.2904049
879.01 15307.9925764 16136.0409798
879.51 15321.9914754 16150.797115
880.01 15335.995649 16165.55881
880.51 15350.0050966 16180.3260644
881.01 15364.0198178 16195.0988777
881.51 15378.039812 16209.8772493
882.01 15392.0650789 16224.6611787
882.51 15406.095618 16239.4506654
883.01 15420.1314287 16254.2457089
883.51 15434.1725105 16269.0463087
884.01 15448.2188631 16283.8524644
884.51 15462.2704858 16298.6641753
885.01 15476.3273783 16313.481441
885.51 15490.3895401 16328.304261
886.01 15504.4569706 16343.1326348
886.51 15518.5296695 16357.9665619
887.01 15532.6076362 16372.8060417
887.51 15546.6908702 16387.6510738
888.01 15560.7793712 16402.5016578
888.51 15574.8731385 16417.357793
889.01 15588.9721718 16432.219479
889.51 15603.0764705 16447.0867152
890.01 15617.1860343 16461.9595013
890.51 15631.3008625 16476.8378367
891.01 15645.4209548 16491.7217208
891.51 15659.5463107 16506.6111533
892.01 15673.6769297 16521.5061335
892.51 15687.8128114 16536.4066611
893.01 15701.9539552 16551.3127355
893.51 15716.1003607 16566.2243562
894.01 15730.2520274 16581.1415228
894.51 15744.4089549 16596.0642346
895.01 15758.5711428 16610.9924914
895.51 15772.7385904 16625.9262924
896.01 15786.9112975 16640.8656374
896.51 15801.0892634 16655.8105257
897.01 15815.2724878 16670.7609569
897.51 15829.4609701 16685.7169305
898.01 15843.65471 16700.678446
898.51 15857.8509587 16715.642606
899.01 15872.0523161 16730.6121511
899.51 15886.2589245 16745.5872313
900.01 15900.4707834 16760.5678459
900.51 15914.6878924 16775.5539946
901.01 15928.9102509 16790.5456768
901.51 15943.1378586 16805.5428921
902.01 15957.3707149 16820.54564
902.51 15971.6088194 16835.5539199
903.01 15985.8521717 16850.5677315
903.51 16000.1007712 16865.5870741
904.01 16014.3546175 16880.6119474
904.51 16028.6137102 16895.6423509
905.01 16042.8780489 16910.678284
905.51 16057.1476329 16925.7197463
906.01 16071.4224619 16940.7667373
906.51 16085.7025355 16955.8192565
907.01 16099.9878531 16970.8773034
907.51 16114.2784144 16985.9408776
908.01 16128.5742188 17001.0099786
908.51 16142.875266 17016.0846059
909.01 16157.1815554 17031.164759
909.51 16171.4930865 17046.2504375
910.01 16185.8098591 17061.3416408
910.51 16200.1318725 17076.4383685
911.01 16214.4591264 17091.5406202
911.51 16228.7916203 17106.6483952
912.01 16243.1293537 17121.7616933
912.51 16257.4723262 17136.8805138
913.01 16271.8205374 17152.0048563
913.51 16286.1739867 17167.1347204
914.01 16300.5326738 17182.2701056
914.51 16314.8965982 17197.4110113
915.01 16329.2657595 17212.5574372
915.51 16343.6401571 17227.7093827
916.01 16358.0197908 17242.8668474
916.51 16372.4046599 17258.0298309
917.01 16386.7947641 17273.1983325
917.51 16401.1901029 17288.372352
918.01 16415.5906759 17303.5518887
918.51 16429.9964826 17318.7369423
919.01 16444.4075226 17333.9275123
919.51 16458.8237955 17349.1235982
920.01 16473.2453007 17364.3251995
920.51 16487.672038 17379.5323158
921.01 16502.1040067 17394.7449466
921.51 16516.5412066 17409.9630914
922.01 16530.983637 17425.1867498
922.51 16545.4312977 17440.4159213
923.01 16559.8841881 17455.6506055
923.51 16574.3423079 17470.8908019
924.01 16588.8056566 17486.13651
924.51 16603.2742336 17501.3877294
925.01 16617.7480388 17516.6444596
925.51 16632.2270714 17531.9067001
926.01 16646.7113312 17547.1744505
926.51 16661.2008178 17562.4477104
927.01 16675.6955305 17577.7264792
927.51 16690.1954692 17593.0107565
928.01 16704.7006332 17608.3005419
928.51 16719.2110222 17623.5958348
929.01 16733.7266357 17638.8966349
929.51 16748.2474733 17654.2029417
930.01 16762.7735346 17669.5147548
930.51 16777.3048191 17684.8320736
931.01 16791.8413264 17700.1548977
931.51 16806.3830561 17715.4832267
932.01 16820.9300077 17730.81706
932.51 16835.4821808 17746.1563974
933.01 16850.0395751 17761.5012382
933.51 16864.60219 17776.8515822
934.01 16879.1700251 17792.2074287
934.51 16893.74308 17807.5687773
935.01 16908.3213543 17822.9356277
935.51 16922.9048475 17838.3079793
936.01 16937.4935592 17853.6858317
936.51 16952.0874891 17869.0691845
937.01 16966.6866366 17884.4580372
937.51 16981.2910014 17899.8523893
938.01 16995.9005829 17915.2522405
938.51 17010.5153809 17930.6575902
939.01 17025.1353948 17946.068438
939.51 17039.7606243 17961.4847835
940.01 17054.391069 17976.9066263
940.51 17069.0267283 17992.3339658
941.01 17083.6676019 18007.7668016
941.51 17098.3136894 18023.2051334
942.01 17112.9649903 18038.6489606
942.51 17127.6215043 18054.0982828
