0.01 1.00408268133 1.0041261116
0.51 1.28830374515 1.32201475355
1.01 1.70972763577 1.77950973665
1.51 2.23636843403 2.34146432172
2.01 2.84555786276 2.98755919196
2.51 3.52332168946 3.70451384493
3.01 4.26078617789 4.48360661516
3.51 5.05193073071 5.3188022839
4.01 5.89239226083 6.20567080817
4.51 6.7788407201 7.14080121794
5.01 7.70861772765 8.12145313653
5.51 8.67953624224 9.14536159163
6.01 9.68974914252 10.2106069549
6.51 10.7376612961 11.3155270207
7.01 11.8218799268 12.4586675074
7.51 12.9411699164 13.6387366788
8.01 14.0944237693 14.854574793
8.51 15.2806374368 16.1051293491
9.01 16.4989028253 17.3894476832
9.51 17.7483852356 18.706653528
10.01 19.028315815 20.0559392975
10.51 20.337982169 21.4365563635
11.01 21.67672236 22.8478088556
11.51 23.0439207908 24.2890494163
12.01 24.4390001153 25.7596707438
12.51 25.8614183591 27.2591026106
13.01 27.3106653681 28.7868081613
13.51 28.7862604473 30.3422814548
14.01 30.2877483259 31.9250432377
14.51 31.8146969011 33.5346385844
15.01 33.3666964468 35.1706360797
15.51 34.9433572079 36.8326252955
16.01 36.5443078114 38.5202151263
16.51 38.1691938525 40.2330323072
17.01 39.8176779171 41.9707214442
17.51 41.4894425448 43.732948144
18.01 43.1841697158 45.5193773952
18.51 44.9015614739 47.3296953109
19.01 46.6413316528 49.1636004115
19.51 48.4032051166 51.020802826
20.01 50.1869170676 52.9010235651
20.51 51.9922124138 54.8039938567
21.01 53.81884519 56.7294545368
21.51 55.6665780263 58.6771554912
22.01 57.5352023361 60.6468769368
22.51 59.4244803847 62.6383683576
23.01 61.334194367 64.6514002374
23.51 63.2641367719 66.6857539048
24.01 65.2141065868 68.7412175327
24.51 67.1839089667 70.8175857899
25.01 69.1733549264 72.9146595171
25.51 71.1822610536 75.0322454258
26.01 73.2104492418 77.1701558162
26.51 75.2577464406 79.3282083149
27.01 77.3239844223 81.5062256291
27.51 79.4090076247 83.7040438135
28.01 81.5126921635 85.9215323123
28.51 83.634841512 88.1584839953
29.01 85.775304681 90.4147397314
29.51 87.9339345378 92.6901444521
30.01 90.1105876452 94.9845469833
30.51 92.3051241112 97.2977998858
31.01 94.5174074462 99.6297593057
31.51 96.7473044287 101.980284833
32.01 98.9946849777 104.349239366
32.51 101.259422033 106.736488986
33.01 103.54139144 109.141902839
33.51 105.840471844 111.565353017
34.01 108.156544584 114.006714453
34.51 110.489493599 116.465864821
35.01 112.839246868 118.942728213
35.51 115.205707163 121.437202154
36.01 117.588713105 123.949116543
36.51 119.988158149 126.478359083
37.01 122.403937931 129.024819773
37.51 124.835950193 131.588390829
38.01 127.284094712 134.168966617
38.51 129.74827324 136.76644358
39.01 132.228389434 139.38072017
39.51 134.724348801 142.011696791
40.01 137.236058637 144.65927573
40.51 139.763427976 147.323361104
41.01 142.306367533 150.003858804
41.51 144.864789654 152.700676443
42.01 147.438608271 155.413723298
42.51 150.027738852 158.142910272
43.01 152.632098357 160.888149836
43.51 155.251605198 163.649355993
44.01 157.886179194 166.426444229
44.51 160.535890118 169.219488095
45.01 163.200531662 172.028270127
45.51 165.880011891 174.852693419
46.01 168.574255886 177.692679004
46.51 171.283189957 180.548149209
47.01 174.006741604 183.419027614
47.51 176.74483949 186.305239027
48.01 179.49741341 189.206709449
48.51 182.264394263 192.123366041
49.01 185.04571402 195.055137099
49.51 187.841305702 198.001952022
50.01 190.651103349 200.963741285
50.51 193.475041998 203.940436413
51.01 196.313057659 206.931969956
51.51 199.165087289 209.938275462
52.01 202.031068768 212.959287455
52.51 204.910940884 215.994941413
53.01 207.804643305 219.045173739
53.51 210.712116558 222.109921749
54.01 213.633302015 225.189123644
54.51 216.568141869 228.28271849
55.01 219.516579116 231.390646202
55.51 222.478557538 234.512847523
56.01 225.454171568 237.649421994
56.51 228.443334019 240.800277715
57.01 231.445878755 243.965239562
57.51 234.461752539 247.144251422
58.01 237.49090284 250.337257921
58.51 240.533277811 253.544204412
59.01 243.588826283 256.765036956
59.51 246.657497742 259.999702309
60.01 249.739242323 263.248147909
60.51 252.83401079 266.510321859
61.01 255.941754529 269.786172914
61.51 259.062425531 273.075650471
62.01 262.195976381 276.378704551
62.51 265.342360248 279.69528579
63.01 268.501530872 283.025345425
63.51 271.67344255 286.368835284
64.01 274.858050131 289.725707773
64.51 278.055309 293.095915865
65.01 281.26517507 296.479413088
65.51 284.487604772 299.876153518
66.01 287.722555044 303.286091764
66.51 290.969983325 306.709182962
67.01 294.229847538 310.145382763
67.51 297.502106091 313.594647322
68.01 300.78671786 317.056933293
68.51 304.083642184 320.532197815
69.01 307.392838857 324.020398508
69.51 310.714268116 327.52149346
70.01 314.04789064 331.035441222
70.51 317.393744261 334.562281673
71.01 320.752035813 338.102232836
71.51 324.122411607 341.654921892
72.01 327.50483401 345.22030917
72.51 330.899265788 348.798355424
73.01 334.305670101 352.38902182
73.51 337.724010495 355.992269935
74.01 341.154250899 359.608061746
74.51 344.596355616 363.236359625
75.01 348.050289314 366.87712633
75.51 351.516017026 370.530325002
76.01 354.99350414 374.195919158
76.51 358.482716394 377.873872681
77.01 361.98361987 381.564149821
77.51 365.496180988 385.266715182
78.01 369.020366504 388.98153372
78.51 372.556143499 392.708570737
79.01 376.103479379 396.447791876
79.51 379.662341866 400.199163113
80.01 383.232698997 403.962650756
80.51 386.814519113 407.738221436
81.01 390.407770863 411.525842102
81.51 394.012423191 415.325480022
82.01 397.628445334 419.137102769
82.51 401.255806823 422.960678224
83.01 404.894477469 426.796174567
83.51 408.544427366 430.643560275
84.01 412.205626885 434.502804114
84.51 415.878046668 438.37387514
85.01 419.561657627 442.256742692
85.51 423.256430936 446.151376384
86.01 426.962338033 450.057746109
86.51 430.679350609 453.975822028
87.01 434.407440611 457.90557457
87.51 438.146580234 461.846974427
88.01 441.89674192 465.799992548
88.51 445.657898351 469.764600141
89.01 449.430141405 473.740894052
89.51 453.213769106 477.729188426
90.01 457.008318408 481.72899517
90.51 460.813762944 485.740286492
91.01 464.630076575 489.763034837
91.51 468.457233384 493.797212889
92.01 472.295207674 497.842793559
92.51 476.143973965 501.89974999
93.01 480.003506991 505.968055548
93.51 483.873781697 510.047683824
94.01 487.754773234 514.138608625
94.51 491.646456962 518.240803978
95.01 495.54880844 522.354244121
95.51 499.461803431 526.478903504
96.01 503.385417891 530.614756785
96.51 507.319627975 534.761778827
97.01 511.264410027 538.919944696
97.51 515.219740583 543.089229658
98.01 519.185596364 547.269609175
98.51 523.161954279 551.461058908
99.01 527.148791417 555.663554706
99.51 531.146085048 559.87707261
